 1874.897418 5671.392305
 1915.901982 4813.995999
 1875.058003 4935.099797
 1928.414964 4406.391988
 1875.582535 3735.389039
 1921.945169 3288.642840
 1874.953884 2852.871410
 1921.597558 2995.974143
 1344.978061 6394.957458
 1394.997671 5562.655772
 1345.774582 5448.473869
 1401.415860 4926.138026
 1345.103014 4273.009553
 1394.939013 3677.115580
 1344.723957 3203.239335
 1394.553157 3266.745616
 1706.055878 6517.191109
 1766.043010 5477.041842
 1708.391966 5604.629354
 1826.772727 4861.756125
 1707.723009 4287.190863
 1763.781056 3697.166836
 1707.364679 3292.258237
 1747.319820 3267.876148
 3494.413427 5314.673865
 3499.973460 4481.163218
 3494.511233 4844.992043
 3501.341808 4302.191087
 3494.462481 3573.086779
 3500.186002 3138.853046
 3494.317610 2708.319892
 3500.056374 2798.427606


 1920.006691 2930.923864
 1395.481367 3313.443271
 1806.422068 3305.077696
 3500.120595 2735.318032
 1923.250362 2896.277456
 1395.612965 3273.960185
 2047.731904 3317.513617
 3500.084966 2713.427735


 1874.948636 2873.615075
 1344.860350 3254.273686
 1702.223829 3258.907960
 3497.714630 2633.544718
 1874.991306 2849.059323
 1917.212010 2966.372398
 2100.072225 3259.456863
 1393.537939 3308.489812
 1707.669706 3395.346870
 1767.570560 3261.072653
 3494.455622 2679.244589
 3499.822291 2783.597183



 1874.709802 3275.761872
 1888.894861 3306.612488
 1345.010253 3209.135358
 1392.949204 3275.732093
 1668.914130 3227.854397
 1773.973011 3272.209724
 3491.196103 3264.607976
 3496.850408 3331.331688



 1874.918478 4959.457641
 1874.901656 5426.947867
