1874.915043
1874.920480
1874.929064
1874.865068
1349.029160
1875.012895
1874.864429
1875.023208
1875.019612
1875.024251
1875.007652
1875.022220
1875.504928
1344.997591
1344.976856
1344.962560
1344.947611
1344.997835
1346.780948
1706.903595
1707.480582
1706.972247
1708.235303
1707.718596
1707.592200
3494.465211
3494.341608
3494.451223
3494.453372
3494.456829
3494.456651
1875.021983
1874.772852
1875.114813
1875.001193
1875.781519
1875.383552
1344.977623
1344.978499
1345.734843
1345.814321
1345.181849
1345.024178
1708.174312
1703.937445
1708.396547
1708.387386
1707.571612
1707.874407
3494.374702
3494.452151
3494.552946
3494.469520
3494.457384
3494.467579
1874.694301
1875.142656
1874.783634
1875.019677
1874.925615
1874.927967
1875.045262
1875.014589
1875.010476
1874.786805
1344.953924
1344.932150
1346.205508
1345.277649
1345.034240
1345.176138
1707.394092
1697.836417
1708.117435
1708.595219
1707.498515
1707.538088
3494.494528
3494.432894
3494.499446
3494.504138
3494.821975
3494.969588
