3161.468893
2195.845008
1722.149393
5927.459024
4140.029865
2539.552693
8680.399712
6118.022760
4786.141373
1936.433427
1336.397670
754.156764
3750.261138
1792.817372
1118.841068
3836.809316
2538.350371
1815.805122
3046.502475
2115.614180
1933.564850
9174.916795
8127.117850
3533.628295
9730.445171
6284.359969
5591.689846
5797.172173
4267.364867
3172.668279
3260.619846
2498.031520
2498.031520
3366.708444
2169.023384
1457.106801
6513.865243
4690.948934
3093.953554
7141.238320
3293.597858
2766.620644
3933.476264
2417.260132
1750.797036
13941.094441
2598.907065
2201.166321
3238.092191
2370.859176
1813.547288
4428.172282
2876.993352
1931.867448
7666.632655
5630.913817
3746.822455
4278.355135
2330.311713
1505.383471
2451.450286
1364.743541
839.423216
4966.610397
2724.011963
1743.515818
6895.331093
3744.594438
3005.467678
9214.690519
4284.948171
3503.169545
6925.347566
5161.914985
3073.323941
0.000000
0.000000
0.000000
9103.964569
6713.179449
5833.863497
3389.528141
2605.054055
1496.394150
2273.971950
1641.196621
1036.928624
3941.435864
2438.706504
1983.662892
7199.613838
4691.956337
3536.672491
3554.766077
2618.469549
2008.901534
6225.817704
4699.368068
3934.138630
3857.831562
2310.805478
2004.874429
