 3037.522066 1378.375200
 3161.468893 769.726002
 2123.706523 2481.535756
 2195.845008 1162.185639
 1686.481260 4823.906919
 1722.149393 2068.095108
 5724.807913 1349.617158
 5927.459024 680.090219
 3807.822418 2483.873014
 4140.029865 1209.170266
 2420.128956 4789.420570
 2539.552693 2075.226489
 8406.205418 1340.708269
 8680.399712 718.726725
 5784.550824 2520.076341
 6118.022760 1242.211566
 4597.919048 5019.450820
 4786.141373 2095.348701
 1930.210368 1341.763143
 1936.433427 700.294608
 1210.165553 2483.502517
 1336.397670 1219.404618
 731.153267 4839.635337
 754.156764 2060.854053
 3416.193660 1351.817939
 3750.261138 694.408592
 1664.819786 2499.472058
 1792.817372 1167.579037
 1031.178963 4856.373486
 1118.841068 2120.174868
 3624.659035 1399.148541
 3836.809316 712.326852
 2474.835139 2477.492350
 2538.350371 1164.549123
 1656.424498 4823.377906
 1815.805122 2086.102146
 2954.745966 1280.793517
 3046.502475 725.025591
 2068.822282 2438.221710
 2115.614180 1171.887710
 1924.429766 4732.887105
 1933.564850 2041.266937
 8995.073060 1427.440689
 9174.916795 723.336686
 8014.780014 2495.713102
 8127.117850 1189.660142
 3496.368035 4925.329910
 3533.628295 2077.467893
 9418.716254 1365.853834
 9730.445171 689.090207
 6103.739678 2518.315944
 6284.359969 1212.096444
 5097.216643 4944.024145
 5591.689846 2065.931122
 5614.379016 1371.250649
 5797.172173 702.877599
 4073.752002 2492.325750
 4267.364867 1195.940764
 2947.649472 4861.862550
 3172.668279 2050.017211
 2849.709114 1319.194693
 3260.619846 683.890903
 2498.031520 2463.271576
 2498.031520 1169.217593
 2498.031520 4812.827502
 2498.031520 2036.422121
 3284.190422 1302.124547
 3366.708444 659.771971
 1911.123504 2444.461526
 2169.023384 1174.953414
 1424.316874 4677.448881
 1457.106801 2011.701358
 6155.304773 1360.611383
 6513.865243 678.255277
 4203.197716 2479.029318
 4690.948934 1157.595808
 3027.009746 4826.791465
 3093.953554 2038.035556
 7117.424390 1341.158877
 7141.238320 693.547983
 2943.021467 2435.219859
 3293.597858 1163.814880
 2754.813319 4762.043566
 2766.620644 2003.393742
 3615.848439 1347.700939
 3933.476264 687.800341
 2267.735376 2509.191490
 2417.260132 1166.398415
 1524.741910 4886.321431
 1750.797036 2041.023384
 13754.934282 1365.411590
 13941.094441 751.621024
 2528.300585 2504.136468
 2598.907065 1134.123094
 2195.414925 4962.352675
 2201.166321 2036.197252
 3136.789414 1332.024957
 3238.092191 686.570201
 2213.209733 2457.013805
 2370.859176 1178.111390
 1716.936857 4800.880671
 1813.547288 2096.549236
 4395.061149 1353.145758
 4428.172282 685.525987
 2730.780679 2468.232199
 2876.993352 1208.545930
 2090.979469 4824.278485
 1931.867448 2045.234091
 7310.420482 1326.667289
 7666.632655 691.170407
 5436.385074 2489.112769
 5630.913817 1218.709562
 3593.544683 4880.392411
 3746.822455 2065.150999
 4081.268313 1331.606238
 4278.355135 689.287330
 2064.310701 2468.522060
 2330.311713 1161.520521
 1465.791142 4827.346787
 1505.383471 2035.812019
 2391.869558 1324.888449
 2451.450286 694.124915
 1269.087727 2468.280959
 1364.743541 1181.043878
 741.622595 4808.557701
 839.423216 2067.917825
 4255.089593 1338.905213
 4966.610397 731.530286
 2378.097107 2489.142944
 2724.011963 1173.133588
 1704.275652 4851.177099
 1743.515818 2045.215278
 6602.429385 1373.997533
 6895.331093 706.970591
 3322.533879 2488.314054
 3744.594438 1153.635099
 2999.340658 4954.128642
 3005.467678 2021.065362
 8984.639633 1371.783872
 9214.690519 699.722719
 3810.484099 2512.136853
 4284.948171 1174.285940
 3499.155709 4948.160689
 3503.169545 2091.486174
 6476.165315 1345.308684
 6925.347566 695.898360
 4656.547049 2511.782268
 5161.914985 1195.309779
 3010.021440 4936.415513
 3073.323941 2145.277727
 10030.031918 1343.997722
 9103.964569 692.766103
 6252.868371 2554.919797
 6713.179449 1203.328900
 5831.064949 5034.147939
 5833.863497 2085.623193
 3822.729381 1317.222137
 3389.528141 683.458058
 2434.659821 2458.199094
 2605.054055 1172.176229
 1490.387912 4889.753756
 1496.394150 2018.961199
 2216.960755 1325.306855
 2273.971950 684.038029
 1454.010659 2452.029507
 1641.196621 1209.166941
 770.700989 4801.818559
 1036.928624 2086.904152
 3742.925677 1366.611010
 3941.435864 658.164532
 2426.211425 2461.709197
 2438.706504 1173.505209
 1967.138001 4800.411149
 1983.662892 2058.950831
 7270.125127 1345.895452
 7199.613838 692.958390
 4358.856926 2482.444064
 4691.956337 1175.427373
 3391.513749 4888.765575
 3536.672491 2068.933684
 3486.286027 1355.290020
 3554.766077 699.401585
 2455.211436 2455.440888
 2618.469549 1162.511197
 1942.444951 4841.408519
 2008.901534 2012.332381
 6116.632293 1379.903348
 6225.817704 693.097801
 4525.580726 2488.272940
 4699.368068 1171.748560
 3161.965889 4848.380104
 3934.138630 2095.463874
 3587.137237 1342.613686
 3857.831562 699.194816
 2253.671272 2472.070742
 2310.805478 1163.533770
 1993.158641 4853.533562
 2004.874429 2008.010601
