  13.811724 120.910303
  13.811724 127.300402
  13.811724 121.891413
  13.811724 119.562205
  13.813982 115.115285
  13.732227 111.495499
  13.671689 109.096410
  13.656543 105.420039
  13.704504 101.649761
  13.739444  98.474074
  17.374934 437.122376
  17.374934 454.329864
  17.374934 442.877679
  17.374934 433.693185
  17.282642 416.974782
  16.583891 402.081212
  16.017678 389.973693
  15.471543 376.700022
  15.079159 363.100674
  14.841778 349.948487
  22.572441 167.368164
  22.572441 173.325914
  22.572441 167.124303
  22.572441 164.751493
  22.567061 160.616547
  22.488812 155.309041
  22.439763 150.554302
  22.402014 145.389449
  22.390848 140.469627
  22.333762 135.291363

  15.972176 120.906919
  15.972176 125.603749
  15.972176 123.718844
  15.972176 120.014015
  15.966893 115.759626
  15.757777 112.718732
  15.521948 107.933098
  15.327576 105.716533
  15.210428 102.779121
  15.113097  98.823514
  17.374934 436.928209
  17.374934 462.909234
  17.374934 438.362174
  17.374934 429.954712
  17.275102 416.416292
  16.601993 402.290986
  16.021313 390.000906
  15.472862 376.896831
  15.083476 361.571222
  14.843503 349.255474
  23.698122 167.365337
  23.698122 174.701597
  23.698122 170.413326
  23.698122 168.684542
  23.676860 160.298400
  23.420266 155.318535
  23.312536 150.105455
  23.167323 145.478954
  22.987766 140.280388
  22.790244 135.560282
