 1874.684102 9226.957761
 1874.685331 5807.262038
 1880.705931 5269.910174
 1344.878146 9254.552963
 1345.596431 5706.653996
 1380.959909 5310.222081
 1707.561779 9483.246154
 1706.342105 5993.165425
 1734.592041 5269.480386
 3490.625315 9657.391024
 3491.712378 6013.320279
 3496.226809 5371.058342


 1874.942876 8080.591005
 1875.077297 5285.971470
 1897.903159 4611.376178
 3494.342688 7900.335870
 3494.515929 5131.974007
 3498.418991 4431.853927


 1874.944273 8114.789021
 1874.951887 5657.531450
 1920.441261 5060.561411
 1344.951520 9303.915475
 1347.406533 6214.723434
 1394.681640 5424.555675
 1707.681285 9481.072551
 1709.058499 6355.722448
 1776.534178 5561.192297
 3494.400119 7907.636191
 3494.979441 5320.987560
 3501.222504 4636.040149


 1874.957459 8053.189857
 1874.879781 5210.833947
 1927.149792 4587.031678
 1344.925313 9194.475782
 2386.273606 6066.037153
 1397.426185 5210.103940
 1707.538470 9475.992558
 1708.409455 6019.188294
 1774.278471 5078.361866
 3494.339891 7913.127906
 3494.521100 5221.757435
 3503.062169 4475.994880
 1346.013708 6004.090351
