47293.688917
45084.591355
27906.324716
25284.097730
20955.595729
20099.305528
18625.554533
17759.906145
17029.656006
16487.410998
15800.935931
15290.714388
14795.382502
14185.209108
13713.444224
13214.117552
12729.415536
12235.017946
11941.930748
11411.833546
11160.164288
10709.940646
10493.749889
10096.311992
10024.214572
9649.085363
9554.580935
9249.964934
9093.497010
8817.461305
8676.103810
8409.590120
8263.772182
8013.398366
7844.049762
7569.360424
7382.132904
7074.428323
6868.062601
6535.737478
6315.695990
6020.151214
5820.403041
5581.800781
5391.674806
5205.425644
5046.647091
4894.471731
4758.025973
4642.184782
4524.344623
4435.601031
4338.332971
4271.573170
4183.301735
4140.115116
4060.833636
4030.294118
3964.783449
3945.815363
3887.758980
3875.098141
3824.295218
3815.998658
3776.293527
3764.427561
3735.139271
3722.067430
3700.452682
3687.300442
3670.408645
3657.768033
3645.926089
3633.938707
3625.926628
3614.593192
3609.169655
3598.566397
3595.157230
3585.575927
3583.092131
3574.918919
3572.952104
3566.123646
3564.176390
3558.316180
3558.142781
3552.446736
3550.276289
3545.507693
3545.200448
3540.418241
3539.416459
3535.370151
3535.113137
3531.528753
3530.297088
3527.406746
3526.484714
3524.952513
47319.861528
38360.520140
27716.538748
24228.986627
20761.074537
19682.609813
18248.381967
17660.095504
16796.372133
16371.966367
15643.850616
15253.663493
14525.108261
14197.431573
13507.839072
13206.404029
12584.854247
12319.370845
11729.761759
11530.489670
10991.487169
10852.918632
10386.968415
10300.053753
9903.516789
9826.218804
9502.108513
9420.608782
9097.711467
9038.452687
8715.340418
8648.410726
8359.784551
8251.722467
8002.137670
7877.708277
7613.079395
7478.704405
7175.455593
7032.010209
6716.275861
6552.327988
6260.034575
6120.406669
5863.155314
5772.029292
5572.176887
5473.103000
5323.414890
5237.317149
5118.166132
5047.331902
4958.400493
4895.048793
4825.149126
4769.435570
4713.967842
4666.653319
4619.740826
4577.153054
4543.103003
4503.144344
4477.327753
4440.260669
4418.549596
4388.092964
4366.827210
4341.754153
4320.371033
4297.815456
4271.166767
4250.398570
4212.849408
4191.713817
4141.224836
4114.563525
4053.976633
4030.903994
3960.605887
3948.947477
3884.058211
3867.716392
3817.719270
3809.141232
3765.815293
3754.041345
3722.623738
3714.901686
3686.890533
3679.879363
3657.052368
3650.106220
3632.473791
3627.930265
3610.378952
3607.939729
3593.628223
3590.615317
3579.087806
3577.654041
