 1904.647497 3392.611041
 1875.060027 5638.999940
 1879.211139 1063.208849
 1875.078334 1533.073228
 1350.500065 4342.853139
 1349.289208 6400.075533
 1356.836245 1290.000125
 1352.381051 1602.239630
 1721.809911 3811.193126
 1713.529315 6317.037527
 1712.567002 1162.181491
 1716.291619 1547.288142
 3496.492233 3303.388853
 3495.715840 5226.889980
 3497.916608 1043.930665
 3493.629954 1573.947302


 1904.110067 3308.801301
 1876.258258 5616.749618
 1877.630925 1105.468661
 1874.986688 1561.522826
 1357.761051 4281.496816
 1347.779540 6697.978482
 1355.774435 1845.553999
 1347.857913 1583.100132
 1717.689846 3796.696977
 1718.144016 6235.370560
 1717.303641 1212.513430
 1716.038406 1554.701811
 3497.428692 3285.879536
 3495.475722 5347.983093
 3497.803078 1149.432240
 3494.049926 1571.546372
