45425.800248
45309.940574
34918.571661
8522.935493
7664.319868
6688.062312
6056.605378
4472.539434
4246.402774
3930.995484
3739.819798
45391.080979
45212.792987
35112.446387
7959.020313
7035.220637
6076.412510
5565.162857
4046.606448
3878.007613
3754.202296
3630.160977
3391.928109
3330.149906
3290.123199
3215.823203
3103.164503
3078.275377
3054.129693
3030.403113
2960.341466
2938.965452
45387.340729
45284.776837
33966.062284
9084.660829
8160.804974
7372.566754
5216.921184
4695.413306
4074.272804
3926.821513
3678.824547
3601.157072
3366.331510
3340.712354
3324.850586
3308.579596
3166.677499
3147.284291
3131.715698
3103.865117
3052.829404
45473.170842
44797.740864
15098.696208
12564.085539
7181.994122
6555.969285
4983.279760
4983.279760
4186.073373
4069.694504
3733.486737
3655.870269
3475.556871
3422.282498
3291.358533
3250.895913
3155.622531
3124.419550
3056.817165
3036.449523
2982.067729
2960.911224
2910.943216
2891.177517
2831.880622
2803.635933
2718.572457
2713.576524
2632.444919
2596.224927
2511.161782
2469.113762
2371.658162
2333.624195
2249.851396
2221.436225
2171.526319
2156.179498
2128.617279
2118.241312
2102.028503
2095.035999
2082.987002
2077.425244
2068.771519
2064.025283
2055.850214
2054.212051
2045.740423
2045.436027
2036.771459
2036.208198
2026.245184
2025.759299
2015.652424
2015.330001
2006.359822
2003.816666
1996.006374
1994.872220
1987.668864
1987.290090
1980.771711
1980.230273
1974.248584
1973.593035
1968.247335
1967.887134
1963.235745
1962.808386
1958.670166
1958.373731
1955.038505
1953.857098
1950.863812
1950.196340
1947.311045
1946.186931
1944.335836
1943.515109
1940.802598
1939.667179
1937.397699
1936.410153
1934.478590
1933.145180
1931.165107
1929.829508
1927.375097
1926.078654
1923.339364
1921.779467
1918.524322
1915.895382
1912.125467
1908.863965
1905.092572
1902.914621
1899.034915
1896.678320
1894.022342
1892.136371
1890.239039
1888.828881
1887.280879
1886.170397
1885.106584
1884.161977
1883.046706
1882.397495
1881.558008
1881.060459
1880.499193
1880.698841
1879.602097
1879.294956
1879.650277
1878.472649
1878.141803
1877.901198
1877.809645
1877.385181
1877.139276
1876.977298
1876.712928
1876.547431
1876.399049
1876.261074
1876.130635
1876.053276
1875.752006
1875.694723
1875.547271
1875.510298
1875.418375
1875.383752
1875.330433
1875.304019
1875.254947
1875.243446
1875.237881
45544.555876
32719.454749
14602.337576
11302.855235
7175.045933
6390.121107
4965.367141
4853.114283
4123.655822
4034.657103
3707.047679
3640.951803
3458.680786
3401.787958
3272.329792
3260.954216
3156.980266
3126.951217
3060.492285
3036.119365
2982.212444
2963.282976
2914.216424
2893.975688
2838.658314
2803.635621
2726.237749
2690.388210
2610.783961
2571.970171
2482.653230
2437.901146
2333.181782
2331.926458
2239.738994
2238.562535
2179.413816
2166.273637
2131.899946
2131.365723
2107.663943
2102.086282
2086.514454
2083.127660
2070.076799
2066.243124
2055.688931
2052.355650
2043.180115
2039.852982
2031.960731
2028.662264
2020.853389
2017.783637
2010.680418
2006.970774
2000.525704
1997.266325
1991.285916
1987.923510
1982.535258
1979.855641
1974.733082
1972.050129
1968.224552
1965.619707
1961.642090
1960.510384
1956.869433
1955.515464
1952.636871
1951.466567
1948.735404
1947.620744
1945.092137
1944.044206
1941.718121
1940.698202
1938.443947
1937.554984
1935.586451
1934.482760
1932.127911
1931.156127
1928.741755
1928.022155
1924.730089
1924.250471
1920.327940
1918.285195
1914.102775
1912.094128
1907.708436
1905.332158
1901.095825
1899.321498
1896.289682
1894.823814
1892.037130
1890.947166
1888.909507
1888.161982
1886.348692
1885.517251
1884.314996
1883.625841
1882.630894
1882.062995
1881.205507
1880.828654
1880.160801
1879.884989
1879.344511
1879.150946
1878.611313
1878.493968
1878.786960
1878.023567
1877.621351
1877.730894
1877.182290
1877.925424
1876.804140
1876.742910
1876.485785
1876.382845
1876.245635
1876.945993
1875.851540
1875.813998
1875.662828
1875.614727
1875.511704
1875.493942
1875.417605
1875.519017
1875.336197
1875.308133
1875.280518
1875.255009
1875.250521
45514.301776
45437.491826
17228.126694
10798.443465
7652.118090
5909.435112
5119.811179
4385.364815
4047.377494
3771.265752
3601.684858
3475.153867
3355.317936
3267.188723
3192.472508
3127.505223
3075.447790
3032.523722
2988.694830
2951.371788
2918.521486
2878.610426
2832.085996
2783.249888
2713.961859
2659.670530
2602.681312
2527.960126
2466.366039
2388.950341
2312.719632
2255.785709
2211.751192
2171.274652
2149.820691
2124.844344
2110.845589
2095.616973
2086.593310
2074.364764
2067.790698
2059.424120
2052.865568
2045.145672
2041.159905
2033.582153
2029.539803
2022.621810
2017.190258
2011.189283
2007.411696
2001.251950
1997.884665
1992.054202
1987.983760
1982.785346
1979.937133
1974.633963
1971.927520
1967.885947
1965.017210
1961.538635
1959.447466
1956.464735
1954.642848
1952.209373
1950.145925
1948.357985
1946.459655
1944.258449
1942.599603
1940.724136
1939.125885
1937.754645
1936.058126
1933.938958
1932.615512
1930.424887
1928.829190
1926.634971
1925.120501
1922.339588
1921.244573
1916.844834
1915.534864
1910.900371
1909.083779
1904.149466
1902.723208
1898.779106
1897.336584
1894.306950
1894.203296
1890.846626
1889.941379
1888.141171
1887.063598
1885.685797
1884.867396
1883.721007
1883.221714
1882.221283
1881.738138
1880.893171
1880.709816
1880.051735
1880.805708
1879.308538
1880.081455
1878.571367
1878.236984
1877.980935
1877.646393
1877.461793
1877.213494
1877.322585
1876.789486
1876.646251
1876.451025
1876.344936
1876.069763
1876.570167
1875.786159
1875.662303
1875.571507
1875.518580
1875.463808
1875.399561
1875.353239
1875.321285
1875.724701
1875.249991
1875.216980
1875.188282
1875.156969
1875.144470
1875.119120
1875.105732
1875.084583
1875.540098
1875.053867
45404.109787
42755.513500
16309.609329
11274.810734
7502.831458
6104.441761
4985.996217
4481.328396
4014.731223
3804.932760
3602.642766
3481.895026
3358.996538
3278.578877
3189.546426
3134.798193
3074.076631
3034.994212
2989.567727
2957.425486
2916.948343
2885.574008
2838.290665
2786.107969
2721.759798
2667.441448
2606.827784
2546.881655
2471.884972
2404.945813
2319.215855
2270.165153
2209.291453
2180.840303
2146.287815
2131.554237
2110.401966
2102.228940
2085.495833
2080.352283
2068.436665
2063.617838
2054.200372
2050.154006
2041.433511
2038.776794
2030.959620
2028.466825
2020.534698
2017.490885
2010.606051
2007.663010
2001.271369
1998.316867
1992.062638
1989.890427
1983.703182
1981.201319
1976.006036
1973.668315
1969.106469
1967.213686
1962.898631
1961.013377
1957.770219
1956.128401
1953.032402
1952.403971
1949.583718
1948.528420
1946.079862
1945.232770
1942.690393
1941.661445
1939.240059
1939.052899
1936.856516
1935.623112
1933.670156
1932.301488
1930.172026
1928.556200
1926.330426
1924.530995
1921.883984
1919.586074
1916.032136
1913.174071
1909.861773
1906.459019
1902.566226
1900.501666
1897.093020
1895.447188
1892.948471
1891.316131
1889.398881
1888.192152
1886.637676
1885.749209
1884.454720
1883.736175
1882.833039
1882.160214
1881.368173
1880.848969
1880.245997
1879.895296
1879.445313
1880.528641
1878.668723
1878.377067
1878.023561
1877.799442
1878.241416
1877.322799
1877.011567
1876.885788
1876.678500
1876.544505
1876.346119
1876.260120
1876.091621
1876.005600
1875.719025
1875.614060
1875.513649
1875.470098
1876.277245
1875.368369
1875.313658
1875.289086
1875.241649
1875.430655
1875.185703
1875.183956
1875.150760
1875.138937
1875.116738
1875.110204
1875.105804
45394.627709
43106.144178
15084.429200
12280.799585
7310.353829
6567.140366
5047.445969
4971.781527
4221.621648
4002.724688
3712.521408
3617.402824
3446.819001
3379.952725
3260.984143
3211.927472
3132.662271
3093.868947
3037.755402
3005.015246
2959.545264
2927.375970
2881.832556
2847.920649
2786.569829
2736.119468
2664.947644
2617.074174
2543.123863
2486.046178
2400.675036
2336.753203
2262.030356
2218.817635
2173.772090
2150.563484
2125.632152
2112.391292
2096.425304
2086.304823
45603.220195
25318.888180
14634.149154
9714.542558
7308.155788
5910.223616
5029.654750
4430.557174
4049.913101
3791.594974
3613.436758
3474.044782
3361.682472
3270.093630
3192.486275
3129.914187
3077.600256
3034.301722
2993.230826
2955.531487
2919.155994
2879.839353
2835.406210
2778.633848
2719.019922
2660.608792
2599.937931
2536.882873
2465.133207
2389.869453
2318.759590
2257.779407
2208.293103
2171.253118
2144.706109
2124.781868
2108.534405
2094.803529
2084.174014
2074.578613
2065.797912
2057.808998
2050.729836
2044.426587
2038.970735
2032.355772
2026.247392
2020.235305
2014.966215
2009.671003
2004.299014
1999.386249
1994.733782
1990.053544
1985.700384
1981.213292
1977.001633
1973.199310
1969.533624
1966.059272
1962.950414
1960.147567
1957.627470
1955.249390
1952.835583
1950.628537
1948.570073
1946.552599
1944.783968
1942.871943
1941.095392
1939.495063
1937.712292
1936.156699
1934.437976
1932.583242
1930.701110
1928.725121
1926.775569
1924.635179
1922.551529
1919.953782
1916.791426
1913.522606
1910.309321
1906.916396
1903.391111
1900.280949
1897.552615
1895.242609
1893.018886
1891.399488
1889.277801
1887.903711
1886.586459
1885.424969
1884.374194
1883.465028
1882.598873
1881.877725
1881.206307
1880.605341
1880.032113
1879.589175
1879.186617
1878.806979
1878.423009
1878.081583
1878.173046
1877.505437
1877.338105
1877.033143
1876.792016
1876.613008
1877.275946
1876.227421
1876.072539
1875.790559
1875.677282
1875.570207
1875.438656
1875.347835
1875.281690
1875.221327
1875.173513
1875.133655
1875.090111
1875.047871
1875.015611
1874.989534
1874.960769
1874.933205
1874.912636
1874.895365
1874.873928
1874.858322
1874.842261
1874.808729
1874.800061
1874.790729
1874.789225
45600.813732
25489.620129
14789.241763
9673.809954
7265.387638
5865.269704
4984.896807
4421.730051
4050.101400
3788.648508
3614.032365
3477.883846
3367.032363
3272.005517
3196.675563
3131.158302
3078.817761
3034.012563
2994.567525
2956.650949
2920.170912
2881.013132
2838.162632
2780.194248
2720.598907
2662.327973
2600.444789
2535.900553
2462.863561
2387.056140
2315.478881
2255.888250
2207.159204
2171.748135
2144.254710
2124.835092
2108.124864
2095.068953
2083.744999
2074.023108
2065.406516
2057.910030
2051.065711
2044.764585
2038.417218
2032.743953
2027.084526
2021.256549
2015.524890
2010.071735
2004.694573
1999.782444
1994.867644
1990.130357
1985.511700
1981.378813
1977.263584
1973.240634
1969.808625
1966.386803
1963.078100
1960.112119
1957.616989
1955.143413
1952.824713
1950.794131
1948.823458
1946.847530
1944.942900
1943.023158
1941.103010
1939.468646
1938.307128
1936.815105
1934.513426
1932.775547
1930.908099
1929.168577
1927.146587
1924.949587
1922.724989
1920.081879
1917.567147
1913.694902
1910.397841
1906.749538
1903.448410
1900.477109
1897.700454
1895.256093
1893.085371
1891.180995
1889.439282
1888.657271
1886.693032
1885.535249
1884.539478
1884.414431
1882.734374
1881.954303
1881.310894
1880.714638
1880.169692
1879.723887
1879.296535
1878.898405
1878.540436
1878.200887
1877.917206
1877.624255
1877.391815
1877.158899
1876.923954
1876.743869
1877.192082
1876.359712
1876.231200
1875.936369
1875.820856
1875.703107
1875.566864
1875.497032
1875.422641
1875.359903
1875.310758
1875.260619
1875.345512
1875.177471
1875.148534
1875.112488
1875.084702
1875.065140
1875.043762
1875.024154
1875.005992
1874.991793
1874.978432
1874.946989
1874.934244
1874.920952
1874.920388
45614.960737
25227.964310
15026.032926
9873.177629
7622.441730
5901.640248
5018.493210
4474.383138
4095.532879
3792.850699
3610.965484
3476.948236
3369.910202
3274.224077
3194.288441
3132.296397
3078.318483
3036.692424
2992.566645
2958.831807
2918.575599
2880.802299
2837.162196
2785.292413
2729.091447
2661.895558
2602.713730
2537.680097
2479.755099
2390.471443
2318.970233
2257.318951
2211.482495
2179.208025
2147.085173
2127.148868
2109.589035
2095.179153
2084.612854
2075.611844
2067.502934
2058.328666
2051.815242
2044.978046
2039.409126
2033.149071
2027.255529
2021.727511
2016.347939
2010.774989
2005.461488
2000.738935
1996.287462
1991.166805
1986.642563
1982.258089
1978.275344
1974.179634
1970.557868
1967.371156
1963.723676
1960.835797
1958.099897
1955.785537
1953.565162
1951.159901
1949.069916
1947.138008
1945.324335
1943.467626
1941.697607
1939.879924
1938.178384
1936.492654
1934.891483
1933.605120
1931.404299
1929.504655
1927.908211
1925.883392
1923.344430
1921.149646
1918.889830
1915.791720
1911.897853
1909.460799
1905.388313
1901.917729
1899.024100
1896.495654
1894.354318
1892.348824
1890.243057
1888.722558
1887.629935
1886.832666
1884.857922
1883.963617
1883.747350
1882.329160
1881.534211
1881.156005
1880.397629
1879.957099
1879.601654
1879.159275
1878.794202
1878.497728
1878.189444
1877.872662
1877.580278
1877.326851
1877.102075
1876.906406
1876.710305
1876.533664
1876.389037
1876.262281
1876.147390
1876.036456
1875.765289
1875.633311
1875.555582
1875.491290
1875.428293
1875.383688
1875.344718
1876.094746
1875.466793
1875.234506
1875.204841
1875.179558
1875.157025
1875.137754
1875.116996
1875.101362
1875.088166
1875.068426
1875.037446
1875.026696
1875.020713
45534.392685
26004.034885
14622.249592
8825.641733
5735.718255
4426.284283
3889.999147
3645.940594
3438.193253
3335.434686
3235.409380
3159.378167
3101.873188
3052.206669
3009.741652
2976.214062
2938.773568
2896.588545
2857.194584
2804.479060
2748.222432
2697.002202
2626.312194
2563.394999
2498.708996
2434.795210
2352.845161
2285.134198
2234.153593
2188.525549
2157.194812
2132.838714
2115.165897
2102.996970
2088.822336
2079.045427
2070.448361
2060.946785
2053.707369
2047.422107
2041.514286
2035.572593
2029.424109
2023.785649
2018.411839
2013.079032
2007.333468
2003.312048
1998.041796
1992.318837
1987.763008
1983.708189
1980.348748
1975.235900
1971.602505
1968.626561
1965.396079
1961.955034
1959.233705
1956.552246
1954.604050
1952.334600
1950.513431
1948.059318
1946.295471
1944.625296
1942.492801
1940.604465
1938.877757
1937.218498
1935.781020
1934.029964
1932.334129
1930.443295
1928.637239
1927.587294
1924.624598
1921.946837
1919.313250
1916.525981
1912.845871
1909.355710
1906.531671
1903.350597
1899.656179
1896.988947
1894.747497
1892.766513
1890.817543
1889.244915
1887.738894
1886.568593
1886.148238
1884.255816
1883.311998
1882.612219
1881.698787
1881.111848
1880.578962
1880.100729
1879.582206
1879.237720
1878.846955
1878.468327
1878.169003
1877.846605
1877.626440
1878.046754
1877.765923
1876.895437
1876.675583
1876.507239
1876.368003
1876.212535
1876.055589
1875.960767
1875.842831
1875.708497
1875.624205
1875.397767
1875.339390
1875.278264
1876.021437
1875.186827
1875.154437
1875.117042
1875.091051
1875.057503
1875.034131
1875.030248
1874.998685
1874.976997
1874.961659
1874.945498
1874.931015
1874.898096
1874.886662
1875.077511
1875.564564
1874.863439
1874.860245
45573.557874
28543.368029
15182.596308
10251.981064
7275.887393
5964.929116
5256.526219
4783.465412
4395.571015
4162.284894
3992.661904
3847.443080
3743.817282
3638.724584
3554.223300
3463.231433
3399.329203
3349.521896
3290.330525
3251.957837
3196.520895
3161.633765
3127.025949
3098.405751
3069.340827
3039.793553
3015.434288
2992.733539
2970.006934
2950.944894
2927.291850
2905.924582
2885.516985
2863.258109
2839.243783
2803.321186
2771.387651
2737.974685
2703.119192
2669.224084
2642.973594
2602.739536
2567.443425
2529.956692
2499.351733
2457.597282
2410.746688
2369.649428
2331.595050
2296.500126
2268.385624
2235.842186
2212.776657
2188.476628
2171.474408
2156.676910
2141.157950
2128.885821
2119.376502
2110.373253
2102.252749
2093.003216
2087.960317
2081.062386
2075.086594
2069.800616
2065.074304
2060.544534
2056.921278
2052.357729
2049.037727
2044.803308
2041.367469
2037.680989
2034.172938
2030.528730
2027.676508
2024.392622
2020.910508
2017.515620
2014.764703
2011.801236
2008.588572
2005.601708
2003.316887
2000.533733
1997.441816
1994.869680
1992.247668
1990.129422
1987.039874
1984.675617
1982.837524
1980.437320
1977.873747
1975.726233
1973.732318
1971.532903
1969.830890
1967.740411
1965.608091
1964.017068
1963.283797
1960.741132
1959.142645
1957.598559
1956.214964
1954.814726
1953.723842
1952.766797
1951.457704
1950.306531
1949.038597
1948.091643
1947.112767
1945.996945
1944.968352
1944.063300
1942.906384
1941.908512
1940.985814
1940.052748
1939.017415
1938.035027
1937.030084
1936.295644
1935.443871
1934.536124
1933.464798
1932.453532
1931.374863
1930.288874
1929.202902
1928.132394
1926.989796
1925.865944
1924.677159
1923.472135
1922.094407
1920.569781
45619.195994
25356.779442
15793.162501
9706.751020
7492.483744
6063.343295
5357.273167
4767.412013
4469.235060
4205.081646
4000.181588
3855.592711
3734.560379
3634.231130
3549.226474
3482.553859
3400.868966
3338.910365
3286.890318
3239.425230
3197.504106
3155.679498
3121.840059
3090.047067
3061.733925
3034.620315
3008.993679
2984.490423
2961.576816
2939.761209
2918.326671
2898.830068
2876.231277
2849.625941
2823.394935
2792.703844
2761.768792
2725.980461
2690.705808
2657.929952
2630.681725
2589.410015
2552.601572
2516.157691
2478.408371
2432.164308
2395.470623
2353.948367
2318.145403
2285.546733
2261.628681
2227.438136
2201.717015
2182.727359
2167.543903
2149.126269
2137.595818
2125.154646
2114.324900
2105.451816
2097.406734
2090.900167
2084.760015
2079.374159
2073.631213
2067.369185
2062.545639
2057.830433
2052.439135
2048.171191
2044.081016
2040.426206
2036.742597
2032.436629
2028.743604
2024.983147
2021.325314
2017.813656
2014.488980
2011.248963
2008.049482
2005.570241
2002.210482
1998.965889
1996.293435
1993.806815
1991.354849
1988.768279
1986.220394
1983.800310
1981.583911
1979.526216
1977.067613
1974.932398
1972.778924
1970.781692
1968.647902
1966.825714
1964.562079
1962.718991
1961.151661
1959.642258
1958.355272
1956.941725
1955.785206
1954.571621
1953.339739
1951.896782
1950.702714
1949.463698
1948.373832
1947.377172
1946.447014
1945.389227
1944.343880
1943.320005
1942.405395
1941.421462
1940.273828
1939.456336
1938.532971
1937.594043
1936.718780
1935.583677
1934.635609
1933.755413
1932.753042
1931.755881
1930.859315
1929.698715
1928.761175
1927.764114
1926.659741
1925.267364
1924.086323
1923.053929
1921.514136
1919.720117
1918.226129
1916.864439
1874.982417
1875.016754
1875.015886
1874.924707
0.000000
