0
507
428
341
294
347
319
431
385
333
316
362
438
459
455
363
354
369
348
367
198
220
366
242
259
397
269
516
395
405
382
363
291
386
366
371
289
437
469
372
306
441
459
313
263
381
438
470
112
352
419
319
372
378
366
325
240
424
299
275
446
294
371
366
246
262
353
459
330
335
415
353
502
340
324
317
256
377
401
353
359
510
344
370
376
462
502
420
281
456
133
392
315
308
357
364
320
451
349
475
337
291
295
359
218
359
400
224
415
423
485
475
256
298
158
471
331
325
348
361
359
284
451
410
314
346
408
226
249
393
406
374
358
372
426
320
398
401
317
415
148
439
345
399
368
326
287
419
440
314
298
373
427
223
383
382
348
501
370
305
232
334
405
385
303
282
191
538
364
492
262
411
287
601
256
307
323
217
351
422
359
280
244
303
240
421
282
233
330
456
364
418
719
444
408
224
335
337
324
314
324
558
269
363
382
466
416
365
360
314
456
250
460
434
243
336
395
271
201
348
352
299
244
413
389
305
431
389
382
506
281
277
449
357
457
397
449
551
433
402
301
371
395
379
593
434
348
390
245
361
359
363
358
308
415
583
369
296
303
419
305
405
463
421
400
283
224
266
380
207
455
459
306
481
320
500
338
247
286
329
459
262
399
485
385
425
403
354
407
556
200
359
428
310
310
401
371
326
303
363
240
444
55
351
223
410
370
292
420
314
352
447
323
318
460
395
425
303
327
325
447
349
427
335
372
225
496
440
236
375
514
205
477
401
123
341
379
400
390
409
362
351
413
366
373
342
331
423
312
422
510
393
283
122
425
325
325
673
410
329
267
403
103
336
174
256
221
303
408
360
485
404
294
342
269
370
387
403
238
262
359
340
459
428
264
506
428
354
252
331
483
339
323
438
308
387
317
312
339
320
199
485
294
306
375
380
460
238
321
308
189
383
356
433
307
424
235
257
595
340
357
333
295
267
222
273
128
344
374
567
349
376
385
473
419
434
314
301
144
434
324
350
402
257
573
643
554
650
333
388
184
455
383
385
418
372
390
563
351
194
395
521
149
379
446
415
265
291
342
433
472
430
382
352
457
343
376
471
438
387
278
375
537
332
166
309
441
471
284
232
332
412
332
323
280
303
389
347
449
358
325
260
466
196
296
418
391
381
278
249
327
244
458
436
348
334
263
451
466
183
363
285
269
381
372
292
441
565
446
295
421
380
372
434
286
77
373
426
424
405
330
398
403
303
459
251
402
426
336
276
323
381
386
292
360
349
326
389
344
401
336
378
386
385
424
257
481
356
360
382
390
302
141
474
496
290
374
321
410
288
362
234
400
231
466
337
376
167
317
361
421
539
425
361
383
446
261
264
465
434
443
500
290
459
427
448
371
367
416
266
436
687
458
331
220
387
381
214
429
418
293
319
496
440
378
520
318
341
394
256
217
354
274
348
360
182
221
413
371
385
449
297
360
382
518
255
409
269
335
352
367
397
428
292
299
284
505
195
398
428
439
342
295
196
376
298
284
475
302
298
412
405
494
249
575
318
393
306
424
476
281
392
374
465
285
332
359
331
372
376
370
279
263
327
185
350
481
369
287
293
233
302
376
401
404
372
620
187
374
403
465
388
418
315
301
195
433
349
320
168
233
433
370
463
342
390
548
347
296
367
379
335
310
430
381
615
401
445
418
332
219
205
396
50
362
272
290
346
377
287
257
359
397
342
305
417
379
515
386
357
443
471
447
377
176
373
370
301
411
456
360
290
216
498
280
352
319
427
448
369
256
458
521
341
409
419
283
392
259
389
471
448
335
315
280
342
283
271
475
408
353
386
366
240
322
352
244
459
315
353
273
446
333
385
363
437
315
311
472
387
255
367
443
272
391
206
313
337
359
363
292
332
430
222
398
512
319
486
313
328
334
551
323
550
291
360
352
362
547
352
322
418
409
205
675
387
284
367
488
311
370
353
571
339
279
477
583
446
592
193
394
299
415
284
335
343
353
281
450
348
367
397
490
306
374
404
225
461
389
279
277
389
392
296
312
340
181
451
314
209
305
464
401
319
446
452
450
461
276
391
489
420
434
492
475
255
446
598
379
477
541
380
226
319
384
383
271
412
445
400
444
351
313
338
438
381
83
293
263
322
384
286
266
394
544
245
381
384
338
326
442
289
483
319
350
385
391
359
373
366
281
366
316
449
364
353
227
528
427
296
353
326
365
347
445
468
413
327
368
336
195
326
369
390
447
357
228
658
454
290
392
371
418
388
334
423
372
346
281
421
