0, 239, 239, 1383
1, 101, 101, 2886
2, 288, 288, 777
3, 282, 282, 915
4, 14, 14, 3793
5, 160, 160, 2335
6, 234, 234, 1386
7, 328, 328, 492
8, 308, 308, 649
9, 232, 232, 1421
10, 155, 155, 2362
11, 186, 186, 2027
12, 305, 305, 690
13, 366, 366, 59
14, 206, 206, 1763
15, 194, 194, 1926
16, 322, 322, 540
17, 46, 46, 3426
18, 261, 261, 1172
19, 21, 21, 3736
20, 252, 252, 1211
21, 53, 53, 3368
22, 138, 138, 2567
23, 331, 331, 429
24, 207, 207, 1782
25, 223, 223, 1530
26, 103, 103, 2862
27, 265, 265, 1123
28, 182, 182, 2067
29, 78, 78, 3135
30, 194, 194, 1929
31, 13, 13, 3802
32, 181, 181, 2022
33, 74, 74, 3058
34, 267, 267, 1069
35, 172, 172, 2167
36, 237, 237, 1393
37, 150, 150, 2456
38, 86, 86, 3011
39, 182, 182, 2042
40, 348, 348, 229
41, 238, 238, 1373
42, 333, 333, 421
43, 283, 283, 919
44, 206, 206, 1784
45, 137, 137, 2537
46, 74, 74, 3198
47, 159, 159, 2324
48, 160, 160, 2315
49, 331, 331, 370
50, 151, 151, 2413
51, 34, 34, 3526
52, 365, 365, 91
53, 279, 279, 980
54, 1, 1, 3956
55, 200, 200, 1873
56, 104, 104, 2862
57, 76, 76, 3170
58, 83, 83, 2996
59, 246, 246, 1281
60, 162, 162, 2305
61, 281, 281, 925
62, 267, 267, 1084
63, 340, 340, 327
64, 338, 338, 336
65, 145, 145, 2505
66, 105, 105, 2846
67, 209, 209, 1729
68, 248, 248, 1313
69, 201, 201, 1857
70, 358, 358, 124
71, 195, 195, 1895
72, 34, 34, 3582
73, 319, 319, 545
74, 106, 106, 2814
75, 240, 240, 1367
76, 48, 48, 3434
77, 154, 154, 2364
78, 367, 367, 43
79, 208, 208, 1750
80, 80, 80, 3087
81, 108, 108, 2808
82, 251, 251, 1276
83, 73, 73, 3178
84, 15, 15, 3788
85, 220, 220, 1584
86, 238, 238, 1403
87, 124, 124, 2651
88, 298, 298, 754
89, 334, 334, 399
90, 6, 6, 3932
91, 76, 76, 3060
92, 217, 217, 1676
93, 243, 243, 1368
94, 20, 20, 3739
95, 188, 188, 2012
96, 354, 354, 226
97, 136, 136, 2586
98, 360, 360, 94
99, 219, 219, 1539
100, 294, 294, 795
101, 319, 319, 570
102, 46, 46, 3434
103, 333, 333, 378
104, 233, 233, 1467
105, 130, 130, 2601
106, 178, 178, 2097
107, 282, 282, 902
108, 244, 244, 1317
109, 140, 140, 2492
110, 124, 124, 2652
111, 297, 297, 756
112, 244, 244, 1301
113, 346, 346, 280
114, 337, 337, 286
115, 235, 235, 1441
116, 197, 197, 1865
117, 212, 212, 1689
118, 331, 331, 444
119, 121, 121, 2619
120, 147, 147, 2440
121, 297, 297, 729
122, 181, 181, 2031
123, 361, 361, 117
124, 177, 177, 2097
125, 206, 206, 1771
126, 149, 149, 2481
127, 119, 119, 2675
128, 303, 303, 709
129, 93, 93, 2927
130, 318, 318, 567
131, 199, 199, 1856
132, 40, 40, 3497
133, 335, 335, 353
134, 129, 129, 2586
135, 275, 275, 965
136, 63, 63, 3306
137, 306, 306, 683
138, 170, 170, 2219
139, 312, 312, 624
140, 32, 32, 3528
141, 287, 287, 871
142, 206, 206, 1732
143, 295, 295, 829
144, 227, 227, 1503
145, 183, 183, 2019
146, 164, 164, 2270
147, 53, 53, 3368
148, 13, 13, 3708
149, 120, 120, 2715
150, 157, 157, 2340
151, 174, 174, 2149
152, 13, 13, 3796
153, 303, 303, 723
154, 131, 131, 2618
155, 163, 163, 2245
156, 104, 104, 2846
157, 227, 227, 1451
158, 284, 284, 921
159, 36, 36, 3555
160, 331, 331, 379
161, 229, 229, 1488
162, 201, 201, 1764
163, 353, 353, 228
164, 199, 199, 1841
165, 338, 338, 350
166, 256, 256, 1193
167, 228, 228, 1500
168, 271, 271, 1034
169, 15, 15, 3764
170, 176, 176, 2124
171, 284, 284, 914
172, 269, 269, 987
173, 5, 5, 3856
174, 209, 209, 1743
175, 143, 143, 2491
176, 169, 169, 2227
177, 335, 335, 365
178, 200, 200, 1859
179, 193, 193, 1936
180, 48, 48, 3432
181, 318, 318, 551
182, 330, 330, 437
183, 72, 72, 3228
184, 246, 246, 1275
185, 47, 47, 3407
186, 232, 232, 1474
187, 361, 361, 121
188, 289, 289, 858
189, 154, 154, 2395
190, 370, 370, 29
191, 253, 253, 1237
192, 346, 346, 235
193, 203, 203, 1793
194, 204, 204, 1818
195, 152, 152, 2428
196, 172, 172, 2143
197, 86, 86, 3011
198, 6, 6, 3928
199, 41, 41, 3529
200, 111, 111, 2776
201, 154, 154, 2404
202, 331, 331, 443
203, 15, 15, 3763
204, 124, 124, 2613
205, 139, 139, 2538
206, 127, 127, 2606
207, 292, 292, 840
208, 91, 91, 2904
209, 293, 293, 818
210, 79, 79, 3128
211, 119, 119, 2688
212, 242, 242, 1369
213, 6, 6, 3917
214, 190, 190, 1917
215, 87, 87, 2996
216, 60, 60, 3324
217, 19, 19, 3743
218, 39, 39, 3470
219, 356, 356, 183
220, 148, 148, 2490
221, 39, 39, 3499
222, 207, 207, 1772
223, 119, 119, 2725
224, 220, 220, 1644
225, 30, 30, 3590
226, 225, 225, 1505
227, 362, 362, 139
228, 89, 89, 2954
229, 207, 207, 1786
230, 18, 18, 3669
231, 179, 179, 2082
232, 322, 322, 542
233, 325, 325, 464
234, 168, 168, 2197
235, 37, 37, 3507
236, 49, 49, 3355
237, 297, 297, 804
238, 337, 337, 348
239, 133, 133, 2611
240, 218, 218, 1622
241, 11, 11, 3828
242, 245, 245, 1299
243, 59, 59, 3343
244, 17, 17, 3746
245, 35, 35, 3568
246, 157, 157, 2340
247, 44, 44, 3422
248, 60, 60, 3311
249, 204, 204, 1810
250, 30, 30, 3605
251, 197, 197, 1801
252, 216, 216, 1661
253, 209, 209, 1730
254, 286, 286, 878
255, 59, 59, 3305
256, 244, 244, 1320
257, 115, 115, 2736
258, 45, 45, 3444
259, 305, 305, 626
260, 323, 323, 522
261, 42, 42, 3465
262, 117, 117, 2708
263, 234, 234, 1416
264, 345, 345, 282
265, 247, 247, 1258
266, 280, 280, 924
267, 24, 24, 3637
268, 180, 180, 2062
269, 219, 219, 1624
270, 136, 136, 2600
271, 367, 367, 36
272, 230, 230, 1452
273, 5, 5, 3899
274, 51, 51, 3379
275, 225, 225, 1550
276, 42, 42, 3468
277, 179, 179, 2071
278, 278, 278, 973
279, 78, 78, 3131
280, 5, 5, 3881
281, 282, 282, 930
282, 280, 280, 933
283, 196, 196, 1894
284, 122, 122, 2660
285, 170, 170, 2163
286, 252, 252, 1199
287, 1, 1, 3981
288, 283, 283, 899
289, 278, 278, 996
290, 281, 281, 959
291, 206, 206, 1773
292, 292, 292, 813
293, 27, 27, 3668
294, 74, 74, 3190
295, 266, 266, 1095
296, 282, 282, 926
297, 331, 331, 466
298, 267, 267, 1084
299, 60, 60, 3340
300, 176, 176, 2090
301, 21, 21, 3684
302, 52, 52, 3376
303, 34, 34, 3542
304, 4, 4, 3936
305, 77, 77, 3107
306, 233, 233, 1445
307, 15, 15, 3756
308, 248, 248, 1179
309, 154, 154, 2418
310, 99, 99, 2887
311, 236, 236, 1412
312, 56, 56, 3348
313, 357, 357, 172
314, 22, 22, 3659
315, 186, 186, 2009
316, 158, 158, 2336
317, 256, 256, 1210
318, 158, 158, 2342
319, 31, 31, 3587
320, 170, 170, 2206
321, 62, 62, 3301
322, 207, 207, 1713
323, 56, 56, 3372
324, 60, 60, 3321
325, 252, 252, 1255
326, 293, 293, 819
327, 312, 312, 599
328, 212, 212, 1721
329, 198, 198, 1904
330, 5, 5, 3939
331, 12, 12, 3811
332, 195, 195, 1940
333, 28, 28, 3667
334, 24, 24, 3705
335, 167, 167, 2228
336, 78, 78, 3127
337, 263, 263, 1150
338, 186, 186, 1984
339, 306, 306, 658
340, 6, 6, 3920
341, 252, 252, 1224
342, 153, 153, 2422
343, 64, 64, 3269
344, 239, 239, 1396
345, 178, 178, 2081
346, 217, 217, 1630
347, 364, 364, 84
348, 58, 58, 3292
349, 4, 4, 3972
350, 21, 21, 3672
351, 201, 201, 1850
352, 32, 32, 3625
353, 238, 238, 1385
354, 247, 247, 1222
355, 64, 64, 3299
356, 122, 122, 2640
357, 183, 183, 2042
358, 4, 4, 3898
359, 304, 304, 713
360, 345, 345, 298
361, 355, 355, 190
362, 323, 323, 524
363, 127, 127, 2590
364, 353, 353, 209
365, 316, 316, 581
366, 290, 290, 819
367, 57, 57, 3336
368, 209, 209, 1732
369, 76, 76, 3155
370, 1, 1, 3994
371, 186, 186, 2004
372, 332, 332, 379
373, 111, 111, 2769
374, 247, 247, 1273
375, 204, 204, 1776
376, 288, 288, 850
377, 67, 67, 3255
378, 197, 197, 1860
379, 359, 359, 142
380, 37, 37, 3579
381, 197, 197, 1884
382, 189, 189, 1993
383, 73, 73, 3205
384, 31, 31, 3621
385, 36, 36, 3567
386, 145, 145, 2504
387, 136, 136, 2613
388, 188, 188, 1961
389, 112, 112, 2754
390, 59, 59, 3326
391, 167, 167, 2259
392, 93, 93, 2944
393, 357, 357, 202
394, 257, 257, 1202
395, 41, 41, 3506
396, 296, 296, 784
397, 186, 186, 2021
398, 106, 106, 2842
399, 100, 100, 2868
400, 223, 223, 1528
401, 65, 65, 3189
402, 284, 284, 872
403, 197, 197, 1908
404, 191, 191, 1958
405, 147, 147, 2498
406, 368, 368, 36
407, 105, 105, 2808
408, 209, 209, 1753
409, 168, 168, 2248
410, 64, 64, 3303
411, 242, 242, 1333
412, 359, 359, 133
413, 218, 218, 1648
414, 281, 281, 890
415, 13, 13, 3754
416, 220, 220, 1567
417, 17, 17, 3746
418, 150, 150, 2368
419, 40, 40, 3529
420, 146, 146, 2500
421, 184, 184, 2046
422, 205, 205, 1788
423, 203, 203, 1797
424, 165, 165, 2249
425, 90, 90, 2990
426, 247, 247, 1303
427, 83, 83, 3033
428, 243, 243, 1363
429, 324, 324, 497
430, 166, 166, 2253
431, 98, 98, 2892
432, 21, 21, 3686
433, 79, 79, 3125
434, 257, 257, 1152
435, 185, 185, 1996
436, 191, 191, 1975
437, 259, 259, 1188
438, 262, 262, 1157
439, 21, 21, 3729
440, 48, 48, 3436
441, 329, 329, 460
442, 237, 237, 1414
443, 2, 2, 3921
444, 150, 150, 2460
445, 159, 159, 2304
446, 368, 368, 28
447, 368, 368, 27
448, 181, 181, 2050
449, 115, 115, 2748
450, 35, 35, 3556
451, 286, 286, 902
452, 294, 294, 794
453, 214, 214, 1697
454, 117, 117, 2699
455, 80, 80, 3043
456, 269, 269, 1039
457, 371, 371, 2
458, 145, 145, 2428
459, 149, 149, 2403
460, 324, 324, 500
461, 307, 307, 681
462, 219, 219, 1647
463, 314, 314, 538
464, 358, 358, 159
465, 76, 76, 3151
466, 141, 141, 2535
467, 175, 175, 2134
468, 338, 338, 339
469, 18, 18, 3692
470, 169, 169, 2215
471, 360, 360, 127
472, 322, 322, 504
473, 33, 33, 3629
474, 363, 363, 49
475, 94, 94, 2964
476, 163, 163, 2285
477, 332, 332, 429
478, 54, 54, 3343
479, 335, 335, 335
480, 71, 71, 3177
481, 102, 102, 2900
482, 245, 245, 1238
483, 1, 1, 3971
484, 279, 279, 949
485, 347, 347, 289
486, 51, 51, 3367
487, 190, 190, 1988
488, 345, 345, 292
489, 205, 205, 1795
490, 301, 301, 743
491, 264, 264, 1144
492, 106, 106, 2829
493, 154, 154, 2390
494, 213, 213, 1682
495, 60, 60, 3340
496, 222, 222, 1541
497, 314, 314, 569
498, 201, 201, 1826
499, 163, 163, 2232
500, 350, 350, 261
501, 367, 367, 42
502, 156, 156, 2360
503, 265, 265, 1117
504, 369, 369, 23
505, 116, 116, 2761
506, 364, 364, 81
507, 162, 162, 2309
508, 66, 66, 3190
509, 50, 50, 3425
510, 85, 85, 2996
511, 149, 149, 2367
512, 123, 123, 2677
513, 352, 352, 234
514, 125, 125, 2690
515, 29, 29, 3626
516, 323, 323, 524
517, 181, 181, 2057
518, 221, 221, 1614
519, 261, 261, 1168
520, 354, 354, 205
521, 155, 155, 2358
522, 161, 161, 2312
523, 53, 53, 3386
524, 266, 266, 1100
525, 336, 336, 346
526, 112, 112, 2726
527, 86, 86, 2994
528, 280, 280, 916
529, 317, 317, 552
530, 219, 219, 1578
531, 219, 219, 1529
532, 279, 279, 946
533, 346, 346, 290
534, 124, 124, 2647
535, 277, 277, 970
536, 81, 81, 3051
537, 81, 81, 3080
538, 28, 28, 3631
539, 125, 125, 2593
540, 103, 103, 2857
541, 131, 131, 2627
542, 244, 244, 1312
543, 200, 200, 1886
544, 72, 72, 3214
545, 338, 338, 355
546, 226, 226, 1512
547, 364, 364, 90
548, 151, 151, 2412
549, 38, 38, 3479
550, 218, 218, 1610
551, 92, 92, 2969
552, 172, 172, 2189
553, 339, 339, 274
554, 155, 155, 2355
555, 27, 27, 3641
556, 311, 311, 620
557, 235, 235, 1433
558, 88, 88, 2987
559, 198, 198, 1888
560, 155, 155, 2338
561, 318, 318, 566
562, 15, 15, 3770
563, 61, 61, 3284
564, 288, 288, 856
565, 146, 146, 2417
566, 316, 316, 606
567, 350, 350, 260
568, 200, 200, 1849
569, 347, 347, 237
570, 68, 68, 3205
571, 267, 267, 1059
572, 65, 65, 3217
573, 324, 324, 518
574, 96, 96, 2945
575, 110, 110, 2783
576, 285, 285, 873
577, 330, 330, 458
578, 97, 97, 2873
579, 31, 31, 3637
580, 348, 348, 289
581, 330, 330, 483
582, 123, 123, 2607
583, 148, 148, 2478
584, 300, 300, 757
585, 245, 245, 1314
586, 145, 145, 2471
587, 209, 209, 1729
588, 76, 76, 3100
589, 226, 226, 1459
590, 33, 33, 3618
591, 235, 235, 1438
592, 182, 182, 2025
593, 50, 50, 3388
594, 266, 266, 1074
595, 65, 65, 3233
596, 172, 172, 2157
597, 216, 216, 1681
598, 41, 41, 3493
599, 338, 338, 358
600, 157, 157, 2270
601, 122, 122, 2699
602, 230, 230, 1417
603, 202, 202, 1839
604, 35, 35, 3569
605, 335, 335, 363
606, 315, 315, 622
607, 295, 295, 794
608, 258, 258, 1173
609, 5, 5, 3847
610, 330, 330, 431
611, 229, 229, 1462
612, 306, 306, 682
613, 43, 43, 3390
614, 344, 344, 292
615, 204, 204, 1791
616, 271, 271, 1057
617, 77, 77, 3115
618, 40, 40, 3521
619, 358, 358, 157
620, 318, 318, 574
621, 42, 42, 3491
622, 187, 187, 1947
623, 93, 93, 2951
624, 66, 66, 3231
625, 82, 82, 3021
626, 141, 141, 2537
627, 209, 209, 1740
628, 269, 269, 1054
629, 181, 181, 2030
630, 179, 179, 2098
631, 61, 61, 3325
632, 263, 263, 1081
633, 42, 42, 3516
634, 225, 225, 1516
635, 276, 276, 1002
636, 348, 348, 231
637, 172, 172, 2139
638, 206, 206, 1796
639, 237, 237, 1404
640, 157, 157, 2338
641, 134, 134, 2580
642, 69, 69, 3218
643, 85, 85, 3021
644, 191, 191, 1970
645, 10, 10, 3862
646, 294, 294, 812
647, 50, 50, 3379
648, 89, 89, 2977
649, 306, 306, 685
650, 40, 40, 3536
651, 5, 5, 3904
652, 357, 357, 176
653, 226, 226, 1483
654, 72, 72, 3207
655, 17, 17, 3759
656, 286, 286, 857
657, 209, 209, 1744
658, 228, 228, 1499
659, 194, 194, 1911
660, 360, 360, 127
661, 3, 3, 3950
662, 251, 251, 1236
663, 221, 221, 1560
664, 11, 11, 3818
665, 78, 78, 3105
666, 137, 137, 2563
667, 365, 365, 49
668, 253, 253, 1244
669, 297, 297, 711
670, 202, 202, 1805
671, 5, 5, 3934
672, 58, 58, 3291
673, 240, 240, 1375
674, 94, 94, 2955
675, 221, 221, 1614
676, 216, 216, 1589
677, 15, 15, 3768
678, 279, 279, 993
679, 281, 281, 918
680, 290, 290, 805
681, 286, 286, 882
682, 294, 294, 822
683, 280, 280, 982
684, 118, 118, 2717
685, 368, 368, 30
686, 265, 265, 1093
687, 31, 31, 3574
688, 176, 176, 2126
689, 136, 136, 2593
690, 226, 226, 1486
691, 161, 161, 2253
692, 141, 141, 2543
693, 80, 80, 3074
694, 13, 13, 3814
695, 120, 120, 2713
696, 172, 172, 2179
697, 152, 152, 2377
698, 112, 112, 2762
699, 15, 15, 3775
700, 79, 79, 3088
701, 281, 281, 919
702, 16, 16, 3710
703, 114, 114, 2732
704, 163, 163, 2294
705, 85, 85, 3017
706, 338, 338, 346
707, 352, 352, 235
708, 77, 77, 3137
709, 216, 216, 1691
710, 256, 256, 1153
711, 1, 1, 3943
712, 137, 137, 2573
713, 158, 158, 2328
714, 281, 281, 925
715, 241, 241, 1291
716, 113, 113, 2710
717, 187, 187, 2018
718, 255, 255, 1217
719, 291, 291, 836
720, 277, 277, 963
721, 83, 83, 3055
722, 77, 77, 3090
723, 6, 6, 3858
724, 173, 173, 2130
725, 97, 97, 2904
726, 138, 138, 2571
727, 309, 309, 661
728, 218, 218, 1633
729, 211, 211, 1685
730, 296, 296, 789
731, 265, 265, 1073
732, 134, 134, 2604
733, 290, 290, 851
734, 10, 10, 3805
735, 251, 251, 1250
736, 7, 7, 3868
737, 325, 325, 503
738, 227, 227, 1485
739, 86, 86, 3006
740, 169, 169, 2195
741, 128, 128, 2639
742, 95, 95, 2949
743, 258, 258, 1120
744, 278, 278, 967
745, 349, 349, 226
746, 113, 113, 2763
747, 24, 24, 3677
748, 129, 129, 2596
749, 1, 1, 3981
750, 288, 288, 865
751, 36, 36, 3560
752, 80, 80, 3036
753, 4, 4, 3955
754, 13, 13, 3770
755, 226, 226, 1518
756, 67, 67, 3211
757, 157, 157, 2342
758, 139, 139, 2532
759, 258, 258, 1196
760, 335, 335, 379
761, 60, 60, 3321
762, 164, 164, 2270
763, 89, 89, 2984
764, 358, 358, 172
765, 152, 152, 2427
766, 351, 351, 234
767, 369, 369, 40
768, 62, 62, 3283
769, 180, 180, 2072
770, 48, 48, 3398
771, 201, 201, 1830
772, 270, 270, 1063
773, 157, 157, 2347
774, 92, 92, 2950
775, 180, 180, 2030
776, 137, 137, 2573
777, 211, 211, 1714
778, 180, 180, 2059
779, 224, 224, 1522
780, 184, 184, 2047
781, 98, 98, 2924
782, 266, 266, 1082
783, 235, 235, 1435
784, 69, 69, 3232
785, 254, 254, 1204
786, 94, 94, 2954
787, 151, 151, 2443
788, 4, 4, 3898
789, 230, 230, 1486
790, 28, 28, 3640
791, 340, 340, 278
792, 264, 264, 1159
793, 163, 163, 2262
794, 68, 68, 3262
795, 218, 218, 1683
796, 272, 272, 1041
797, 10, 10, 3848
798, 210, 210, 1723
799, 338, 338, 324
800, 157, 157, 2272
801, 266, 266, 1122
802, 170, 170, 2154
803, 52, 52, 3335
804, 9, 9, 3821
805, 234, 234, 1457
806, 239, 239, 1365
807, 111, 111, 2747
808, 75, 75, 3171
809, 14, 14, 3776
810, 347, 347, 269
811, 255, 255, 1218
812, 121, 121, 2701
813, 214, 214, 1703
814, 119, 119, 2653
815, 193, 193, 1933
816, 97, 97, 2907
817, 191, 191, 1959
818, 304, 304, 728
819, 106, 106, 2806
820, 10, 10, 3797
821, 298, 298, 720
822, 75, 75, 3084
823, 243, 243, 1308
824, 55, 55, 3334
825, 118, 118, 2698
826, 89, 89, 2991
827, 336, 336, 376
828, 101, 101, 2898
829, 302, 302, 715
830, 271, 271, 1052
831, 261, 261, 1171
832, 171, 171, 2189
833, 33, 33, 3559
834, 323, 323, 506
835, 188, 188, 2010
836, 270, 270, 1016
837, 170, 170, 2224
838, 265, 265, 1109
839, 318, 318, 539
840, 183, 183, 2000
841, 240, 240, 1378
842, 178, 178, 2109
843, 268, 268, 1053
844, 80, 80, 3081
845, 260, 260, 1114
846, 54, 54, 3338
847, 176, 176, 1989
848, 46, 46, 3426
849, 359, 359, 67
850, 262, 262, 1147
851, 73, 73, 3223
852, 297, 297, 787
853, 354, 354, 231
854, 318, 318, 532
855, 362, 362, 122
856, 64, 64, 3281
857, 8, 8, 3875
858, 291, 291, 850
859, 171, 171, 2179
860, 315, 315, 590
861, 167, 167, 2254
862, 53, 53, 3350
863, 76, 76, 3131
864, 199, 199, 1813
865, 11, 11, 3857
866, 225, 225, 1494
867, 66, 66, 3181
868, 179, 179, 2081
869, 135, 135, 2603
870, 22, 22, 3720
871, 328, 328, 433
872, 1, 1, 3982
873, 168, 168, 2181
874, 227, 227, 1487
875, 49, 49, 3415
876, 63, 63, 3296
877, 290, 290, 825
878, 238, 238, 1404
879, 118, 118, 2722
880, 285, 285, 892
881, 138, 138, 2551
882, 162, 162, 2297
883, 184, 184, 2032
884, 78, 78, 3134
885, 74, 74, 3181
886, 141, 141, 2506
887, 149, 149, 2415
888, 82, 82, 3057
889, 22, 22, 3708
890, 312, 312, 595
891, 1, 1, 3999
892, 187, 187, 1962
893, 345, 345, 297
894, 41, 41, 3483
895, 12, 12, 3776
896, 359, 359, 154
897, 268, 268, 977
898, 64, 64, 3309
899, 127, 127, 2587
900, 5, 5, 3932
901, 49, 49, 3382
902, 81, 81, 3021
903, 347, 347, 266
904, 224, 224, 1563
905, 286, 286, 860
906, 23, 23, 3682
907, 256, 256, 1211
908, 216, 216, 1685
909, 268, 268, 1086
910, 345, 345, 285
911, 99, 99, 2930
912, 2, 2, 3990
913, 137, 137, 2583
914, 244, 244, 1314
915, 42, 42, 3476
916, 176, 176, 2116
917, 13, 13, 3820
918, 195, 195, 1892
919, 222, 222, 1525
920, 40, 40, 3528
921, 103, 103, 2839
922, 226, 226, 1525
923, 229, 229, 1490
924, 75, 75, 3136
925, 243, 243, 1360
926, 220, 220, 1618
927, 29, 29, 3643
928, 156, 156, 2337
929, 273, 273, 928
930, 131, 131, 2582
931, 134, 134, 2621
932, 340, 340, 310
933, 192, 192, 1955
934, 99, 99, 2888
935, 165, 165, 2225
936, 106, 106, 2815
937, 138, 138, 2570
938, 44, 44, 3437
939, 292, 292, 853
940, 371, 371, 8
941, 17, 17, 3722
942, 13, 13, 3783
943, 339, 339, 350
944, 114, 114, 2657
945, 262, 262, 1097
946, 10, 10, 3827
947, 263, 263, 1126
948, 247, 247, 1269
949, 179, 179, 2071
950, 124, 124, 2651
951, 263, 263, 1149
952, 285, 285, 910
953, 320, 320, 528
954, 123, 123, 2639
955, 333, 333, 398
956, 196, 196, 1888
957, 315, 315, 610
958, 336, 336, 393
959, 316, 316, 577
960, 197, 197, 1890
961, 92, 92, 2976
962, 74, 74, 3199
963, 138, 138, 2552
964, 280, 280, 931
965, 179, 179, 2087
966, 299, 299, 777
967, 363, 363, 99
968, 309, 309, 657
969, 318, 318, 566
970, 281, 281, 952
971, 265, 265, 1017
972, 310, 310, 641
973, 302, 302, 735
974, 240, 240, 1368
975, 63, 63, 3298
976, 169, 169, 2184
977, 256, 256, 1195
978, 297, 297, 776
979, 13, 13, 3805
980, 64, 64, 3266
981, 43, 43, 3428
982, 273, 273, 954
983, 318, 318, 528
984, 344, 344, 308
985, 34, 34, 3593
986, 249, 249, 1278
987, 166, 166, 2197
988, 318, 318, 555
989, 216, 216, 1672
990, 111, 111, 2774
991, 145, 145, 2445
992, 276, 276, 1000
993, 159, 159, 2325
994, 277, 277, 997
995, 162, 162, 2283
996, 329, 329, 412
997, 175, 175, 2127
998, 154, 154, 2382
999, 235, 235, 1421
1000, 110, 110, 2693
1001, 53, 53, 3334
1002, 149, 149, 2439
1003, 60, 60, 3334
1004, 329, 329, 421
1005, 358, 358, 159
1006, 88, 88, 2985
1007, 93, 93, 2957
1008, 245, 245, 1354
1009, 16, 16, 3761
1010, 114, 114, 2762
1011, 276, 276, 972
1012, 39, 39, 3541
1013, 17, 17, 3716
1014, 198, 198, 1852
1015, 12, 12, 3850
1016, 26, 26, 3662
1017, 41, 41, 3482
1018, 152, 152, 2399
1019, 351, 351, 217
1020, 261, 261, 1154
1021, 255, 255, 1173
1022, 85, 85, 3015
1023, 143, 143, 2506
1024, 10, 10, 3851
1025, 337, 337, 364
1026, 296, 296, 790
1027, 347, 347, 263
1028, 148, 148, 2491
1029, 74, 74, 3172
1030, 182, 182, 2037
1031, 223, 223, 1537
1032, 104, 104, 2859
1033, 290, 290, 828
1034, 285, 285, 871
1035, 67, 67, 3280
1036, 275, 275, 987
1037, 11, 11, 3856
1038, 137, 137, 2590
1039, 156, 156, 2341
1040, 1, 1, 3970
1041, 242, 242, 1352
1042, 27, 27, 3665
1043, 41, 41, 3511
1044, 268, 268, 1069
1045, 226, 226, 1517
1046, 57, 57, 3361
1047, 266, 266, 1083
1048, 243, 243, 1351
1049, 177, 177, 2112
1050, 246, 246, 1300
1051, 144, 144, 2506
1052, 21, 21, 3638
1053, 306, 306, 667
1054, 235, 235, 1364
1055, 41, 41, 3489
1056, 272, 272, 1032
1057, 171, 171, 2154
1058, 363, 363, 104
1059, 9, 9, 3875
1060, 217, 217, 1679
1061, 171, 171, 2141
1062, 238, 238, 1412
1063, 319, 319, 538
1064, 92, 92, 2969
1065, 131, 131, 2636
1066, 359, 359, 170
1067, 2, 2, 3956
1068, 104, 104, 2844
1069, 113, 113, 2760
1070, 123, 123, 2649
1071, 107, 107, 2814
1072, 329, 329, 465
1073, 155, 155, 2314
1074, 158, 158, 2326
1075, 195, 195, 1886
1076, 355, 355, 183
1077, 182, 182, 2039
1078, 91, 91, 2969
1079, 225, 225, 1535
1080, 361, 361, 152
1081, 312, 312, 621
1082, 332, 332, 393
1083, 10, 10, 3790
1084, 241, 241, 1289
1085, 176, 176, 2109
1086, 31, 31, 3631
1087, 121, 121, 2673
1088, 347, 347, 264
1089, 19, 19, 3735
1090, 137, 137, 2548
1091, 162, 162, 2295
1092, 194, 194, 1877
1093, 340, 340, 313
1094, 107, 107, 2833
1095, 255, 255, 1198
1096, 96, 96, 2949
1097, 57, 57, 3355
1098, 262, 262, 1155
1099, 205, 205, 1793
1100, 148, 148, 2468
1101, 357, 357, 156
1102, 276, 276, 960
1103, 99, 99, 2933
1104, 106, 106, 2823
1105, 64, 64, 3286
1106, 254, 254, 1171
1107, 52, 52, 3358
1108, 214, 214, 1677
1109, 362, 362, 140
1110, 249, 249, 1245
1111, 171, 171, 2181
1112, 298, 298, 761
1113, 190, 190, 1990
1114, 159, 159, 2323
1115, 180, 180, 2050
1116, 364, 364, 100
1117, 189, 189, 1954
1118, 270, 270, 1075
1119, 337, 337, 364
1120, 182, 182, 2042
1121, 30, 30, 3624
1122, 123, 123, 2659
1123, 5, 5, 3919
1124, 344, 344, 289
1125, 199, 199, 1844
1126, 231, 231, 1469
1127, 62, 62, 3238
1128, 223, 223, 1551
1129, 87, 87, 2976
1130, 240, 240, 1383
1131, 369, 369, 19
1132, 78, 78, 3133
1133, 158, 158, 2343
1134, 63, 63, 3304
1135, 189, 189, 1956
1136, 188, 188, 1981
1137, 326, 326, 475
1138, 216, 216, 1666
1139, 370, 370, 11
1140, 280, 280, 967
1141, 95, 95, 2912
1142, 170, 170, 2192
1143, 210, 210, 1729
1144, 285, 285, 902
1145, 287, 287, 868
1146, 358, 358, 131
1147, 276, 276, 1002
1148, 74, 74, 3174
1149, 256, 256, 1207
1150, 212, 212, 1718
1151, 252, 252, 1216
1152, 253, 253, 1183
1153, 334, 334, 377
1154, 230, 230, 1487
1155, 229, 229, 1472
1156, 138, 138, 2573
1157, 89, 89, 2957
1158, 269, 269, 1062
1159, 362, 362, 125
1160, 194, 194, 1933
1161, 107, 107, 2797
1162, 325, 325, 496
1163, 235, 235, 1418
1164, 264, 264, 1141
1165, 360, 360, 153
1166, 16, 16, 3726
1167, 43, 43, 3474
1168, 275, 275, 980
1169, 239, 239, 1393
1170, 39, 39, 3485
1171, 189, 189, 1948
1172, 336, 336, 305
1173, 185, 185, 2030
1174, 370, 370, 29
1175, 222, 222, 1559
1176, 101, 101, 2898
1177, 358, 358, 160
1178, 139, 139, 2562
1179, 152, 152, 2424
1180, 213, 213, 1719
1181, 347, 347, 280
1182, 27, 27, 3641
1183, 101, 101, 2902
1184, 275, 275, 1010
1185, 231, 231, 1480
1186, 300, 300, 726
1187, 35, 35, 3583
1188, 295, 295, 789
1189, 174, 174, 2140
1190, 21, 21, 3708
1191, 115, 115, 2723
1192, 280, 280, 938
1193, 313, 313, 557
1194, 323, 323, 493
1195, 146, 146, 2431
1196, 304, 304, 710
1197, 355, 355, 220
1198, 193, 193, 1905
1199, 211, 211, 1690
1200, 216, 216, 1613
1201, 237, 237, 1391
1202, 27, 27, 3638
1203, 160, 160, 2270
1204, 50, 50, 3421
1205, 26, 26, 3667
1206, 12, 12, 3829
1207, 121, 121, 2671
1208, 357, 357, 180
1209, 114, 114, 2743
1210, 266, 266, 1095
1211, 195, 195, 1899
1212, 82, 82, 3024
1213, 264, 264, 1088
1214, 256, 256, 1154
1215, 330, 330, 386
1216, 135, 135, 2569
1217, 165, 165, 2232
1218, 2, 2, 3969
1219, 23, 23, 3710
1220, 334, 334, 373
1221, 365, 365, 30
1222, 148, 148, 2433
1223, 212, 212, 1663
1224, 316, 316, 587
1225, 60, 60, 3279
1226, 362, 362, 94
1227, 215, 215, 1649
1228, 42, 42, 3499
1229, 153, 153, 2351
1230, 60, 60, 3339
1231, 228, 228, 1464
1232, 20, 20, 3742
1233, 58, 58, 3330
1234, 362, 362, 86
1235, 42, 42, 3515
1236, 58, 58, 3349
1237, 5, 5, 3915
1238, 172, 172, 2186
1239, 5, 5, 3881
1240, 87, 87, 3011
1241, 31, 31, 3634
1242, 174, 174, 2133
1243, 154, 154, 2387
1244, 305, 305, 722
1245, 63, 63, 3287
1246, 113, 113, 2773
1247, 26, 26, 3643
1248, 224, 224, 1519
1249, 117, 117, 2742
1250, 58, 58, 3354
1251, 165, 165, 2244
1252, 71, 71, 3124
1253, 174, 174, 2139
1254, 348, 348, 259
1255, 368, 368, 63
1256, 236, 236, 1418
1257, 338, 338, 353
1258, 209, 209, 1712
1259, 251, 251, 1269
1260, 117, 117, 2705
1261, 237, 237, 1404
1262, 114, 114, 2733
1263, 109, 109, 2799
1264, 303, 303, 734
1265, 107, 107, 2819
1266, 159, 159, 2315
1267, 332, 332, 435
1268, 79, 79, 3087
1269, 289, 289, 853
1270, 305, 305, 669
1271, 148, 148, 2450
1272, 329, 329, 487
1273, 105, 105, 2802
1274, 294, 294, 837
1275, 224, 224, 1562
1276, 178, 178, 2089
1277, 28, 28, 3610
1278, 250, 250, 1205
1279, 2, 2, 3960
1280, 119, 119, 2704
1281, 282, 282, 911
1282, 140, 140, 2557
1283, 201, 201, 1829
1284, 49, 49, 3403
1285, 107, 107, 2816
1286, 197, 197, 1892
1287, 292, 292, 821
1288, 30, 30, 3522
1289, 24, 24, 3605
1290, 146, 146, 2443
1291, 136, 136, 2579
1292, 242, 242, 1361
1293, 223, 223, 1528
1294, 242, 242, 1378
1295, 149, 149, 2447
1296, 304, 304, 700
1297, 367, 367, 45
1298, 103, 103, 2882
1299, 14, 14, 3787
1300, 285, 285, 899
1301, 33, 33, 3551
1302, 126, 126, 2589
1303, 238, 238, 1386
1304, 155, 155, 2353
1305, 47, 47, 3426
1306, 94, 94, 2948
1307, 289, 289, 794
1308, 85, 85, 3036
1309, 325, 325, 506
1310, 267, 267, 1107
1311, 179, 179, 2092
1312, 234, 234, 1417
1313, 27, 27, 3664
1314, 5, 5, 3921
1315, 294, 294, 820
1316, 145, 145, 2480
1317, 173, 173, 2166
1318, 189, 189, 1994
1319, 155, 155, 2354
1320, 174, 174, 2123
1321, 330, 330, 437
1322, 279, 279, 933
1323, 41, 41, 3484
1324, 161, 161, 2317
1325, 160, 160, 2312
1326, 191, 191, 1931
1327, 86, 86, 3017
1328, 114, 114, 2709
1329, 263, 263, 1165
1330, 76, 76, 3156
1331, 33, 33, 3608
1332, 266, 266, 1069
1333, 206, 206, 1745
1334, 273, 273, 995
1335, 47, 47, 3422
1336, 262, 262, 1171
1337, 346, 346, 295
1338, 320, 320, 569
1339, 316, 316, 559
1340, 287, 287, 801
1341, 214, 214, 1676
1342, 124, 124, 2652
1343, 135, 135, 2571
1344, 245, 245, 1340
1345, 99, 99, 2925
1346, 16, 16, 3743
1347, 358, 358, 172
1348, 265, 265, 1091
1349, 177, 177, 2089
1350, 144, 144, 2527
1351, 37, 37, 3566
1352, 101, 101, 2878
1353, 11, 11, 3812
1354, 83, 83, 3050
1355, 257, 257, 1196
1356, 175, 175, 2124
1357, 246, 246, 1333
1358, 355, 355, 213
1359, 260, 260, 1186
1360, 143, 143, 2499
1361, 54, 54, 3370
1362, 291, 291, 794
1363, 34, 34, 3568
1364, 266, 266, 1115
1365, 172, 172, 2141
1366, 55, 55, 3342
1367, 129, 129, 2639
1368, 148, 148, 2437
1369, 349, 349, 263
1370, 68, 68, 3198
1371, 32, 32, 3590
1372, 184, 184, 1939
1373, 166, 166, 2202
1374, 145, 145, 2513
1375, 30, 30, 3631
1376, 264, 264, 1128
1377, 164, 164, 2257
1378, 14, 14, 3804
1379, 137, 137, 2571
1380, 340, 340, 346
1381, 121, 121, 2683
1382, 173, 173, 2138
1383, 68, 68, 3225
1384, 142, 142, 2495
1385, 223, 223, 1540
1386, 331, 331, 421
1387, 279, 279, 972
1388, 65, 65, 3226
1389, 311, 311, 634
1390, 173, 173, 2158
1391, 207, 207, 1725
1392, 336, 336, 356
1393, 89, 89, 2952
1394, 217, 217, 1645
1395, 230, 230, 1472
1396, 231, 231, 1446
1397, 243, 243, 1339
1398, 363, 363, 111
1399, 8, 8, 3883
1400, 221, 221, 1603
1401, 22, 22, 3661
1402, 11, 11, 3825
1403, 34, 34, 3542
1404, 168, 168, 2216
1405, 159, 159, 2339
1406, 75, 75, 3174
1407, 56, 56, 3344
1408, 314, 314, 596
1409, 58, 58, 3330
1410, 164, 164, 2267
1411, 246, 246, 1294
1412, 187, 187, 2013
1413, 301, 301, 757
1414, 322, 322, 519
1415, 287, 287, 860
1416, 121, 121, 2650
1417, 242, 242, 1292
1418, 196, 196, 1832
1419, 198, 198, 1876
1420, 165, 165, 2279
1421, 1, 1, 3990
1422, 4, 4, 3953
1423, 126, 126, 2635
1424, 62, 62, 3295
1425, 221, 221, 1598
1426, 362, 362, 107
1427, 303, 303, 741
1428, 98, 98, 2937
1429, 317, 317, 570
1430, 276, 276, 976
1431, 322, 322, 540
1432, 317, 317, 584
1433, 288, 288, 801
1434, 361, 361, 83
1435, 108, 108, 2800
1436, 41, 41, 3492
1437, 30, 30, 3609
1438, 139, 139, 2496
1439, 331, 331, 440
1440, 87, 87, 2939
1441, 297, 297, 763
1442, 210, 210, 1735
1443, 246, 246, 1304
1444, 198, 198, 1873
1445, 123, 123, 2606
1446, 170, 170, 2164
1447, 320, 320, 523
1448, 349, 349, 251
1449, 338, 338, 349
1450, 115, 115, 2751
1451, 143, 143, 2530
1452, 338, 338, 339
1453, 121, 121, 2704
1454, 262, 262, 1165
1455, 3, 3, 3986
1456, 346, 346, 302
1457, 221, 221, 1625
1458, 270, 270, 1079
1459, 32, 32, 3591
1460, 140, 140, 2547
1461, 155, 155, 2407
1462, 329, 329, 484
1463, 76, 76, 3131
1464, 38, 38, 3561
1465, 278, 278, 919
1466, 194, 194, 1931
1467, 84, 84, 3053
1468, 324, 324, 528
1469, 334, 334, 427
1470, 43, 43, 3494
1471, 7, 7, 3819
1472, 225, 225, 1543
1473, 223, 223, 1581
1474, 265, 265, 1123
1475, 16, 16, 3768
1476, 355, 355, 187
1477, 29, 29, 3639
1478, 310, 310, 643
1479, 326, 326, 438
1480, 1, 1, 3988
1481, 51, 51, 3394
1482, 59, 59, 3320
1483, 301, 301, 680
1484, 178, 178, 2098
1485, 327, 327, 486
1486, 269, 269, 1018
1487, 113, 113, 2752
1488, 144, 144, 2463
1489, 179, 179, 2098
1490, 123, 123, 2695
1491, 272, 272, 1010
1492, 325, 325, 505
1493, 71, 71, 3179
1494, 358, 358, 142
1495, 367, 367, 66
1496, 361, 361, 98
1497, 150, 150, 2425
1498, 43, 43, 3472
1499, 278, 278, 978
1500, 105, 105, 2853
1501, 87, 87, 2966
1502, 293, 293, 797
1503, 301, 301, 748
1504, 322, 322, 547
1505, 160, 160, 2272
1506, 323, 323, 516
1507, 268, 268, 1086
1508, 193, 193, 1912
1509, 255, 255, 1159
1510, 197, 197, 1877
1511, 196, 196, 1900
1512, 313, 313, 553
1513, 253, 253, 1197
1514, 95, 95, 2932
1515, 88, 88, 3003
1516, 185, 185, 2035
1517, 3, 3, 3951
1518, 176, 176, 2107
1519, 325, 325, 498
1520, 181, 181, 2049
1521, 263, 263, 1154
1522, 198, 198, 1861
1523, 100, 100, 2906
1524, 342, 342, 334
1525, 188, 188, 2003
1526, 59, 59, 3325
1527, 289, 289, 784
1528, 331, 331, 428
1529, 109, 109, 2797
1530, 207, 207, 1763
1531, 27, 27, 3633
1532, 176, 176, 2115
1533, 129, 129, 2560
1534, 334, 334, 381
1535, 85, 85, 3014
1536, 251, 251, 1185
1537, 278, 278, 897
1538, 363, 363, 100
1539, 75, 75, 3097
1540, 154, 154, 2408
1541, 156, 156, 2329
1542, 243, 243, 1349
1543, 61, 61, 3313
1544, 4, 4, 3879
1545, 311, 311, 634
1546, 160, 160, 2316
1547, 196, 196, 1914
1548, 316, 316, 585
1549, 291, 291, 775
1550, 112, 112, 2765
1551, 90, 90, 2986
1552, 191, 191, 1930
1553, 314, 314, 626
1554, 199, 199, 1892
1555, 135, 135, 2616
1556, 127, 127, 2629
1557, 222, 222, 1569
1558, 14, 14, 3752
1559, 50, 50, 3409
1560, 336, 336, 366
1561, 227, 227, 1515
1562, 49, 49, 3395
1563, 103, 103, 2833
1564, 333, 333, 428
1565, 14, 14, 3776
1566, 200, 200, 1847
1567, 219, 219, 1613
1568, 272, 272, 1026
1569, 162, 162, 2300
1570, 264, 264, 1062
1571, 14, 14, 3786
1572, 307, 307, 629
1573, 116, 116, 2763
1574, 81, 81, 3100
1575, 321, 321, 508
1576, 47, 47, 3397
1577, 236, 236, 1416
1578, 113, 113, 2775
1579, 2, 2, 3982
1580, 138, 138, 2544
1581, 225, 225, 1540
1582, 62, 62, 3320
1583, 296, 296, 826
1584, 142, 142, 2518
1585, 223, 223, 1565
1586, 14, 14, 3794
1587, 228, 228, 1499
1588, 79, 79, 3134
1589, 36, 36, 3546
1590, 283, 283, 908
1591, 8, 8, 3853
1592, 258, 258, 1062
1593, 337, 337, 303
1594, 120, 120, 2686
1595, 203, 203, 1842
1596, 331, 331, 432
1597, 319, 319, 534
1598, 11, 11, 3807
1599, 202, 202, 1810
1600, 105, 105, 2834
1601, 282, 282, 869
1602, 218, 218, 1596
1603, 12, 12, 3815
1604, 1, 1, 3984
1605, 305, 305, 696
1606, 340, 340, 324
1607, 52, 52, 3382
1608, 144, 144, 2465
1609, 41, 41, 3451
1610, 18, 18, 3716
1611, 238, 238, 1361
1612, 242, 242, 1343
1613, 81, 81, 3037
1614, 172, 172, 2187
1615, 11, 11, 3861
1616, 312, 312, 602
1617, 185, 185, 1981
1618, 244, 244, 1360
1619, 365, 365, 88
1620, 196, 196, 1879
1621, 124, 124, 2620
1622, 4, 4, 3941
1623, 61, 61, 3293
1624, 96, 96, 2924
1625, 118, 118, 2628
1626, 264, 264, 1135
1627, 23, 23, 3708
1628, 76, 76, 3162
1629, 279, 279, 942
1630, 200, 200, 1870
1631, 188, 188, 1996
1632, 173, 173, 2163
1633, 41, 41, 3466
1634, 203, 203, 1811
1635, 146, 146, 2500
1636, 322, 322, 515
1637, 143, 143, 2487
1638, 163, 163, 2234
1639, 57, 57, 3332
1640, 160, 160, 2290
1641, 193, 193, 1950
1642, 302, 302, 693
1643, 29, 29, 3633
1644, 246, 246, 1339
1645, 100, 100, 2880
1646, 43, 43, 3494
1647, 162, 162, 2293
1648, 256, 256, 1213
1649, 289, 289, 854
1650, 155, 155, 2382
1651, 44, 44, 3444
1652, 40, 40, 3475
1653, 160, 160, 2323
1654, 114, 114, 2738
1655, 114, 114, 2751
1656, 279, 279, 951
1657, 7, 7, 3873
1658, 105, 105, 2811
1659, 327, 327, 465
1660, 257, 257, 1168
1661, 306, 306, 681
1662, 109, 109, 2813
1663, 26, 26, 3683
1664, 322, 322, 499
1665, 279, 279, 977
1666, 142, 142, 2535
1667, 271, 271, 1014
1668, 41, 41, 3464
1669, 299, 299, 769
1670, 337, 337, 346
1671, 176, 176, 2107
1672, 81, 81, 3072
1673, 237, 237, 1391
1674, 204, 204, 1740
1675, 329, 329, 411
1676, 309, 309, 623
1677, 221, 221, 1587
1678, 79, 79, 3057
1679, 202, 202, 1836
1680, 110, 110, 2793
1681, 234, 234, 1439
1682, 247, 247, 1281
1683, 135, 135, 2620
1684, 355, 355, 114
1685, 333, 333, 371
1686, 241, 241, 1371
1687, 229, 229, 1418
1688, 316, 316, 596
1689, 322, 322, 534
1690, 196, 196, 1883
1691, 203, 203, 1764
1692, 224, 224, 1567
1693, 305, 305, 697
1694, 203, 203, 1800
1695, 179, 179, 2067
1696, 218, 218, 1674
1697, 338, 338, 335
1698, 46, 46, 3433
1699, 229, 229, 1490
1700, 233, 233, 1457
1701, 362, 362, 132
1702, 4, 4, 3949
1703, 323, 323, 529
1704, 224, 224, 1523
1705, 215, 215, 1690
1706, 247, 247, 1292
1707, 173, 173, 2147
1708, 27, 27, 3629
1709, 334, 334, 349
1710, 339, 339, 335
1711, 148, 148, 2422
1712, 175, 175, 2140
1713, 189, 189, 1968
1714, 274, 274, 1043
1715, 167, 167, 2255
1716, 159, 159, 2339
1717, 110, 110, 2766
1718, 368, 368, 25
1719, 99, 99, 2936
1720, 24, 24, 3653
1721, 162, 162, 2260
1722, 267, 267, 1052
1723, 253, 253, 1220
1724, 93, 93, 2957
1725, 73, 73, 3204
1726, 66, 66, 3287
1727, 277, 277, 983
1728, 38, 38, 3540
1729, 117, 117, 2721
1730, 106, 106, 2826
1731, 272, 272, 997
1732, 69, 69, 3205
1733, 74, 74, 3127
1734, 199, 199, 1878
1735, 301, 301, 728
1736, 259, 259, 1169
1737, 69, 69, 3170
1738, 65, 65, 3227
1739, 297, 297, 798
1740, 41, 41, 3520
1741, 34, 34, 3563
1742, 64, 64, 3221
1743, 218, 218, 1660
1744, 195, 195, 1883
1745, 313, 313, 616
1746, 349, 349, 267
1747, 355, 355, 223
1748, 53, 53, 3382
1749, 346, 346, 292
1750, 42, 42, 3511
1751, 79, 79, 3035
1752, 138, 138, 2553
1753, 322, 322, 563
1754, 311, 311, 608
1755, 199, 199, 1862
1756, 15, 15, 3768
1757, 5, 5, 3895
1758, 73, 73, 3198
1759, 22, 22, 3660
1760, 92, 92, 2968
1761, 155, 155, 2376
1762, 276, 276, 1009
1763, 172, 172, 2173
1764, 228, 228, 1503
1765, 100, 100, 2887
1766, 64, 64, 3254
1767, 123, 123, 2673
1768, 178, 178, 2057
1769, 140, 140, 2481
1770, 12, 12, 3823
1771, 196, 196, 1929
1772, 153, 153, 2396
1773, 85, 85, 3044
1774, 3, 3, 3942
1775, 346, 346, 280
1776, 368, 368, 12
1777, 353, 353, 209
1778, 289, 289, 855
1779, 16, 16, 3747
1780, 290, 290, 854
1781, 334, 334, 366
1782, 75, 75, 3134
1783, 12, 12, 3759
1784, 246, 246, 1281
1785, 16, 16, 3742
1786, 191, 191, 1973
1787, 238, 238, 1401
1788, 30, 30, 3638
1789, 262, 262, 1171
1790, 238, 238, 1413
1791, 83, 83, 2958
1792, 6, 6, 3899
1793, 147, 147, 2422
1794, 228, 228, 1484
1795, 205, 205, 1755
1796, 216, 216, 1661
1797, 268, 268, 1090
1798, 297, 297, 780
1799, 366, 366, 71
1800, 5, 5, 3923
1801, 313, 313, 603
1802, 186, 186, 2000
1803, 161, 161, 2320
1804, 372, 372, 0
1805, 191, 191, 1942
1806, 92, 92, 2952
1807, 370, 370, 12
1808, 139, 139, 2504
1809, 12, 12, 3807
1810, 17, 17, 3759
1811, 52, 52, 3358
1812, 319, 319, 525
1813, 97, 97, 2894
1814, 80, 80, 3117
1815, 173, 173, 2158
1816, 130, 130, 2636
1817, 267, 267, 1090
1818, 33, 33, 3560
1819, 125, 125, 2626
1820, 132, 132, 2614
1821, 277, 277, 973
1822, 192, 192, 1937
1823, 102, 102, 2865
1824, 19, 19, 3748
1825, 49, 49, 3421
1826, 313, 313, 620
1827, 237, 237, 1409
1828, 284, 284, 863
1829, 236, 236, 1400
1830, 202, 202, 1832
1831, 295, 295, 786
1832, 189, 189, 2004
1833, 9, 9, 3833
1834, 42, 42, 3458
1835, 155, 155, 2356
1836, 176, 176, 2127
1837, 151, 151, 2410
1838, 154, 154, 2368
1839, 313, 313, 631
1840, 139, 139, 2569
1841, 176, 176, 2128
1842, 340, 340, 341
1843, 43, 43, 3446
1844, 238, 238, 1374
1845, 42, 42, 3458
1846, 221, 221, 1605
1847, 367, 367, 10
1848, 284, 284, 901
1849, 262, 262, 1165
1850, 86, 86, 2989
1851, 7, 7, 3867
1852, 142, 142, 2490
1853, 281, 281, 926
1854, 118, 118, 2732
1855, 162, 162, 2238
1856, 304, 304, 699
1857, 18, 18, 3705
1858, 372, 372, 0
1859, 219, 219, 1562
1860, 229, 229, 1457
1861, 203, 203, 1832
1862, 157, 157, 2348
1863, 40, 40, 3461
1864, 180, 180, 2017
1865, 206, 206, 1807
1866, 171, 171, 2169
1867, 326, 326, 497
1868, 320, 320, 569
1869, 317, 317, 538
1870, 264, 264, 1128
1871, 77, 77, 3139
1872, 82, 82, 3018
1873, 230, 230, 1470
1874, 137, 137, 2585
1875, 335, 335, 392
1876, 243, 243, 1280
1877, 318, 318, 542
1878, 296, 296, 754
1879, 138, 138, 2533
1880, 214, 214, 1707
1881, 16, 16, 3743
1882, 150, 150, 2400
1883, 321, 321, 550
1884, 275, 275, 1021
1885, 230, 230, 1485
1886, 111, 111, 2788
1887, 210, 210, 1720
1888, 242, 242, 1190
1889, 76, 76, 3140
1890, 28, 28, 3634
1891, 124, 124, 2647
1892, 242, 242, 1325
1893, 189, 189, 1983
1894, 150, 150, 2461
1895, 24, 24, 3694
1896, 362, 362, 142
1897, 310, 310, 630
1898, 355, 355, 191
1899, 270, 270, 1063
1900, 226, 226, 1520
1901, 243, 243, 1320
1902, 319, 319, 554
1903, 323, 323, 538
1904, 77, 77, 3142
1905, 43, 43, 3492
1906, 280, 280, 930
1907, 332, 332, 422
1908, 371, 371, 34
1909, 217, 217, 1685
1910, 63, 63, 3308
1911, 179, 179, 2094
1912, 200, 200, 1780
1913, 211, 211, 1708
1914, 122, 122, 2644
1915, 108, 108, 2802
1916, 35, 35, 3545
1917, 203, 203, 1784
1918, 319, 319, 522
1919, 264, 264, 1087
1920, 280, 280, 925
1921, 356, 356, 157
1922, 20, 20, 3735
1923, 129, 129, 2602
1924, 140, 140, 2492
1925, 142, 142, 2548
1926, 163, 163, 2296
1927, 91, 91, 2986
1928, 38, 38, 3530
1929, 101, 101, 2840
1930, 369, 369, 49
1931, 271, 271, 1051
1932, 324, 324, 512
1933, 281, 281, 956
1934, 220, 220, 1589
1935, 24, 24, 3654
1936, 327, 327, 448
1937, 98, 98, 2872
1938, 330, 330, 428
1939, 318, 318, 482
1940, 320, 320, 557
1941, 365, 365, 88
1942, 137, 137, 2576
1943, 158, 158, 2337
1944, 203, 203, 1797
1945, 254, 254, 1220
1946, 264, 264, 1139
1947, 215, 215, 1694
1948, 87, 87, 3005
1949, 183, 183, 2014
1950, 112, 112, 2782
1951, 347, 347, 282
1952, 141, 141, 2523
1953, 104, 104, 2869
1954, 64, 64, 3236
1955, 269, 269, 1015
1956, 236, 236, 1417
1957, 199, 199, 1884
1958, 336, 336, 353
1959, 249, 249, 1299
1960, 302, 302, 724
1961, 301, 301, 754
1962, 155, 155, 2350
1963, 247, 247, 1236
1964, 213, 213, 1710
1965, 344, 344, 292
1966, 249, 249, 1242
1967, 172, 172, 2158
1968, 74, 74, 3164
1969, 184, 184, 2023
1970, 128, 128, 2641
1971, 21, 21, 3721
1972, 177, 177, 2111
1973, 220, 220, 1569
1974, 152, 152, 2410
1975, 350, 350, 260
1976, 107, 107, 2790
1977, 7, 7, 3902
1978, 192, 192, 1955
1979, 175, 175, 2147
1980, 192, 192, 1916
1981, 265, 265, 1089
1982, 109, 109, 2781
1983, 331, 331, 439
1984, 2, 2, 3958
1985, 184, 184, 2017
1986, 205, 205, 1806
1987, 239, 239, 1375
1988, 6, 6, 3901
1989, 139, 139, 2511
1990, 122, 122, 2674
1991, 277, 277, 978
1992, 64, 64, 3265
1993, 240, 240, 1377
1994, 125, 125, 2566
1995, 274, 274, 976
1996, 213, 213, 1669
1997, 355, 355, 161
1998, 77, 77, 3134
1999, 289, 289, 833
2000, 139, 139, 2536
2001, 177, 177, 2127
2002, 283, 283, 906
2003, 277, 277, 999
2004, 17, 17, 3697
2005, 62, 62, 3316
2006, 249, 249, 1260
2007, 104, 104, 2839
2008, 31, 31, 3570
2009, 36, 36, 3567
2010, 275, 275, 986
2011, 230, 230, 1486
2012, 274, 274, 1008
2013, 15, 15, 3767
2014, 165, 165, 2277
2015, 280, 280, 966
2016, 176, 176, 2136
2017, 332, 332, 435
2018, 124, 124, 2693
2019, 184, 184, 2037
2020, 95, 95, 2946
2021, 211, 211, 1719
2022, 55, 55, 3367
2023, 170, 170, 2212
2024, 77, 77, 3096
2025, 191, 191, 1934
2026, 39, 39, 3540
2027, 264, 264, 1117
2028, 178, 178, 2095
2029, 123, 123, 2674
2030, 192, 192, 1950
2031, 310, 310, 631
2032, 295, 295, 802
2033, 62, 62, 3208
2034, 219, 219, 1630
2035, 285, 285, 851
2036, 142, 142, 2525
2037, 67, 67, 3242
2038, 20, 20, 3690
2039, 147, 147, 2447
2040, 75, 75, 3161
2041, 307, 307, 676
2042, 1, 1, 3934
2043, 359, 359, 169
2044, 290, 290, 795
2045, 135, 135, 2563
2046, 266, 266, 1135
2047, 98, 98, 2931
2048, 58, 58, 3351
2049, 357, 357, 180
2050, 243, 243, 1320
2051, 157, 157, 2297
2052, 194, 194, 1900
2053, 306, 306, 688
2054, 286, 286, 861
2055, 275, 275, 996
2056, 89, 89, 2974
2057, 334, 334, 401
2058, 176, 176, 2114
2059, 270, 270, 1069
2060, 45, 45, 3428
2061, 332, 332, 416
2062, 179, 179, 2052
2063, 315, 315, 582
2064, 29, 29, 3625
2065, 18, 18, 3682
2066, 231, 231, 1433
2067, 144, 144, 2502
2068, 63, 63, 3277
2069, 265, 265, 1123
2070, 272, 272, 949
2071, 109, 109, 2790
2072, 173, 173, 2151
2073, 254, 254, 1235
2074, 93, 93, 2960
2075, 96, 96, 2946
2076, 12, 12, 3799
2077, 327, 327, 447
2078, 163, 163, 2229
2079, 38, 38, 3502
2080, 310, 310, 628
2081, 38, 38, 3549
2082, 205, 205, 1799
2083, 143, 143, 2528
2084, 309, 309, 589
2085, 83, 83, 3013
2086, 9, 9, 3876
2087, 34, 34, 3563
2088, 16, 16, 3766
2089, 190, 190, 1990
2090, 278, 278, 984
2091, 73, 73, 3194
2092, 117, 117, 2759
2093, 81, 81, 3036
2094, 15, 15, 3776
2095, 155, 155, 2384
2096, 80, 80, 3071
2097, 248, 248, 1209
2098, 254, 254, 1238
2099, 122, 122, 2700
2100, 126, 126, 2684
2101, 137, 137, 2539
2102, 226, 226, 1490
2103, 295, 295, 835
2104, 15, 15, 3775
2105, 325, 325, 450
2106, 14, 14, 3781
2107, 7, 7, 3926
2108, 252, 252, 1250
2109, 156, 156, 2362
2110, 48, 48, 3428
2111, 198, 198, 1878
2112, 161, 161, 2264
2113, 222, 222, 1579
2114, 300, 300, 758
2115, 105, 105, 2853
2116, 281, 281, 944
2117, 310, 310, 634
2118, 114, 114, 2769
2119, 303, 303, 711
2120, 91, 91, 2977
2121, 363, 363, 105
2122, 345, 345, 257
2123, 209, 209, 1736
2124, 76, 76, 3142
2125, 365, 365, 34
2126, 327, 327, 472
2127, 140, 140, 2565
2128, 222, 222, 1595
2129, 213, 213, 1710
2130, 246, 246, 1265
2131, 312, 312, 632
2132, 349, 349, 249
2133, 76, 76, 3107
2134, 232, 232, 1467
2135, 336, 336, 376
2136, 36, 36, 3558
2137, 218, 218, 1601
2138, 342, 342, 302
2139, 258, 258, 1160
2140, 1, 1, 3963
2141, 367, 367, 82
2142, 79, 79, 3038
2143, 169, 169, 2227
2144, 187, 187, 2014
2145, 14, 14, 3796
2146, 234, 234, 1433
2147, 83, 83, 2958
2148, 331, 331, 430
2149, 316, 316, 554
2150, 25, 25, 3669
2151, 51, 51, 3407
2152, 307, 307, 659
2153, 3, 3, 3927
2154, 229, 229, 1495
2155, 12, 12, 3801
2156, 341, 341, 313
2157, 191, 191, 1967
2158, 119, 119, 2718
2159, 167, 167, 2260
2160, 364, 364, 29
2161, 340, 340, 335
2162, 102, 102, 2892
2163, 310, 310, 631
2164, 47, 47, 3443
2165, 304, 304, 712
2166, 274, 274, 1007
2167, 53, 53, 3353
2168, 161, 161, 2313
2169, 214, 214, 1662
2170, 323, 323, 513
2171, 128, 128, 2628
2172, 177, 177, 2096
2173, 38, 38, 3551
2174, 288, 288, 856
2175, 361, 361, 110
2176, 16, 16, 3699
2177, 122, 122, 2641
2178, 84, 84, 3069
2179, 326, 326, 481
2180, 69, 69, 3195
2181, 80, 80, 3090
2182, 5, 5, 3889
2183, 6, 6, 3854
2184, 50, 50, 3369
2185, 207, 207, 1736
2186, 371, 371, 8
2187, 18, 18, 3682
2188, 25, 25, 3704
2189, 118, 118, 2726
2190, 163, 163, 2295
2191, 21, 21, 3733
2192, 47, 47, 3414
2193, 260, 260, 1187
2194, 334, 334, 364
2195, 101, 101, 2857
2196, 161, 161, 2251
2197, 211, 211, 1724
2198, 168, 168, 2210
2199, 321, 321, 564
2200, 17, 17, 3738
2201, 113, 113, 2723
2202, 65, 65, 3193
2203, 201, 201, 1834
2204, 124, 124, 2626
2205, 332, 332, 401
2206, 189, 189, 1945
2207, 161, 161, 2325
2208, 48, 48, 3394
2209, 241, 241, 1366
2210, 108, 108, 2806
2211, 134, 134, 2589
2212, 331, 331, 456
2213, 82, 82, 3047
2214, 108, 108, 2795
2215, 10, 10, 3826
2216, 296, 296, 784
2217, 107, 107, 2803
2218, 11, 11, 3860
2219, 293, 293, 840
2220, 196, 196, 1882
2221, 173, 173, 2155
2222, 318, 318, 573
2223, 218, 218, 1648
2224, 21, 21, 3695
2225, 245, 245, 1290
2226, 324, 324, 505
2227, 193, 193, 1946
2228, 52, 52, 3366
2229, 81, 81, 3067
2230, 104, 104, 2863
2231, 81, 81, 3104
2232, 205, 205, 1790
2233, 154, 154, 2408
2234, 250, 250, 1290
2235, 296, 296, 768
2236, 76, 76, 3161
2237, 70, 70, 3235
2238, 82, 82, 3093
2239, 141, 141, 2555
2240, 315, 315, 601
2241, 165, 165, 2251
2242, 257, 257, 1144
2243, 236, 236, 1410
2244, 216, 216, 1651
2245, 341, 341, 291
2246, 223, 223, 1588
2247, 151, 151, 2435
2248, 44, 44, 3447
2249, 233, 233, 1448
2250, 64, 64, 3275
2251, 213, 213, 1681
2252, 5, 5, 3956
2253, 356, 356, 200
2254, 57, 57, 3329
2255, 20, 20, 3651
2256, 202, 202, 1842
2257, 12, 12, 3834
2258, 192, 192, 1949
2259, 223, 223, 1560
2260, 100, 100, 2901
2261, 259, 259, 1164
2262, 304, 304, 664
2263, 268, 268, 1043
2264, 34, 34, 3572
2265, 191, 191, 1955
2266, 197, 197, 1811
2267, 116, 116, 2733
2268, 223, 223, 1542
2269, 250, 250, 1256
2270, 214, 214, 1640
2271, 142, 142, 2496
2272, 9, 9, 3859
2273, 77, 77, 3136
2274, 351, 351, 258
2275, 224, 224, 1510
2276, 42, 42, 3428
2277, 202, 202, 1846
2278, 344, 344, 297
2279, 99, 99, 2875
2280, 63, 63, 3294
2281, 4, 4, 3924
2282, 321, 321, 556
2283, 63, 63, 3250
2284, 358, 358, 125
2285, 8, 8, 3885
2286, 66, 66, 3253
2287, 160, 160, 2319
2288, 365, 365, 71
2289, 222, 222, 1555
2290, 7, 7, 3880
2291, 61, 61, 3324
2292, 120, 120, 2719
2293, 286, 286, 896
2294, 336, 336, 367
2295, 125, 125, 2644
2296, 72, 72, 3203
2297, 141, 141, 2530
2298, 211, 211, 1729
2299, 301, 301, 746
2300, 14, 14, 3786
2301, 52, 52, 3370
2302, 31, 31, 3594
2303, 22, 22, 3645
2304, 100, 100, 2858
2305, 8, 8, 3852
2306, 223, 223, 1508
2307, 163, 163, 2286
2308, 215, 215, 1698
2309, 206, 206, 1805
2310, 228, 228, 1513
2311, 241, 241, 1344
2312, 209, 209, 1730
2313, 151, 151, 2421
2314, 277, 277, 947
2315, 166, 166, 2207
2316, 119, 119, 2658
2317, 355, 355, 200
2318, 288, 288, 878
2319, 117, 117, 2729
2320, 175, 175, 2107
2321, 300, 300, 758
2322, 181, 181, 2053
2323, 257, 257, 1179
2324, 179, 179, 2007
2325, 108, 108, 2772
2326, 358, 358, 175
2327, 257, 257, 1210
2328, 249, 249, 1302
2329, 195, 195, 1904
2330, 158, 158, 2308
2331, 234, 234, 1440
2332, 219, 219, 1626
2333, 194, 194, 1902
2334, 266, 266, 1086
2335, 328, 328, 485
2336, 177, 177, 2106
2337, 94, 94, 2946
2338, 79, 79, 3123
2339, 13, 13, 3804
2340, 300, 300, 751
2341, 306, 306, 637
2342, 223, 223, 1501
2343, 105, 105, 2833
2344, 51, 51, 3410
2345, 146, 146, 2448
2346, 241, 241, 1392
2347, 180, 180, 2069
2348, 83, 83, 3000
2349, 163, 163, 2271
2350, 262, 262, 1150
2351, 267, 267, 1108
2352, 54, 54, 3381
2353, 36, 36, 3556
2354, 165, 165, 2287
2355, 239, 239, 1388
2356, 158, 158, 2328
2357, 146, 146, 2462
2358, 95, 95, 2951
2359, 2, 2, 3983
2360, 300, 300, 718
2361, 244, 244, 1259
2362, 236, 236, 1423
2363, 157, 157, 2345
2364, 42, 42, 3514
2365, 98, 98, 2861
2366, 74, 74, 3182
2367, 191, 191, 1972
2368, 200, 200, 1807
2369, 124, 124, 2657
2370, 172, 172, 2129
2371, 100, 100, 2911
2372, 64, 64, 3294
2373, 29, 29, 3630
2374, 207, 207, 1744
2375, 80, 80, 3057
2376, 179, 179, 2078
2377, 77, 77, 3137
2378, 265, 265, 1126
2379, 266, 266, 1078
2380, 207, 207, 1760
2381, 129, 129, 2628
2382, 173, 173, 2186
2383, 264, 264, 1141
2384, 164, 164, 2184
2385, 291, 291, 825
2386, 103, 103, 2882
2387, 283, 283, 865
2388, 30, 30, 3639
2389, 199, 199, 1833
2390, 289, 289, 848
2391, 337, 337, 358
2392, 45, 45, 3444
2393, 133, 133, 2623
2394, 85, 85, 3055
2395, 62, 62, 3310
2396, 231, 231, 1485
2397, 137, 137, 2589
2398, 246, 246, 1283
2399, 29, 29, 3644
2400, 251, 251, 1246
2401, 48, 48, 3412
2402, 136, 136, 2555
2403, 284, 284, 893
2404, 86, 86, 3042
2405, 344, 344, 300
2406, 4, 4, 3950
2407, 265, 265, 1120
2408, 12, 12, 3789
2409, 233, 233, 1428
2410, 138, 138, 2550
2411, 224, 224, 1549
2412, 362, 362, 56
2413, 301, 301, 737
2414, 80, 80, 3042
2415, 167, 167, 2241
2416, 195, 195, 1914
2417, 192, 192, 1924
2418, 45, 45, 3458
2419, 224, 224, 1554
2420, 363, 363, 109
2421, 309, 309, 658
2422, 165, 165, 2264
2423, 38, 38, 3554
2424, 65, 65, 3281
2425, 241, 241, 1319
2426, 70, 70, 3216
2427, 265, 265, 1118
2428, 351, 351, 260
2429, 325, 325, 499
2430, 297, 297, 763
2431, 225, 225, 1506
2432, 349, 349, 263
2433, 57, 57, 3318
2434, 151, 151, 2399
2435, 61, 61, 3305
2436, 1, 1, 3970
2437, 118, 118, 2701
2438, 298, 298, 777
2439, 364, 364, 111
2440, 356, 356, 129
2441, 58, 58, 3328
2442, 187, 187, 2012
2443, 357, 357, 186
2444, 332, 332, 417
2445, 270, 270, 1055
2446, 112, 112, 2779
2447, 118, 118, 2683
2448, 87, 87, 2979
2449, 136, 136, 2589
2450, 351, 351, 237
2451, 78, 78, 3089
2452, 69, 69, 3247
2453, 103, 103, 2853
2454, 88, 88, 2995
2455, 103, 103, 2880
2456, 322, 322, 524
2457, 169, 169, 2211
2458, 1, 1, 3999
2459, 296, 296, 784
2460, 117, 117, 2711
2461, 267, 267, 1114
2462, 126, 126, 2643
2463, 61, 61, 3326
2464, 296, 296, 784
2465, 268, 268, 1042
2466, 132, 132, 2632
2467, 265, 265, 1107
2468, 365, 365, 96
2469, 16, 16, 3761
2470, 254, 254, 1218
2471, 352, 352, 225
2472, 43, 43, 3441
2473, 71, 71, 3231
2474, 289, 289, 763
2475, 354, 354, 210
2476, 347, 347, 286
2477, 8, 8, 3894
2478, 98, 98, 2894
2479, 33, 33, 3617
2480, 106, 106, 2835
2481, 39, 39, 3483
2482, 79, 79, 3058
2483, 179, 179, 2082
2484, 158, 158, 2337
2485, 183, 183, 2053
2486, 244, 244, 1315
2487, 68, 68, 3213
2488, 310, 310, 617
2489, 243, 243, 1314
2490, 1, 1, 3998
2491, 26, 26, 3680
2492, 107, 107, 2780
2493, 122, 122, 2641
2494, 86, 86, 3006
2495, 36, 36, 3564
2496, 370, 370, 35
2497, 218, 218, 1638
2498, 273, 273, 1023
2499, 359, 359, 131
2500, 208, 208, 1752
2501, 165, 165, 2242
2502, 303, 303, 709
2503, 223, 223, 1545
2504, 203, 203, 1825
2505, 199, 199, 1824
2506, 208, 208, 1756
2507, 146, 146, 2463
2508, 179, 179, 2071
2509, 269, 269, 1002
2510, 180, 180, 2080
2511, 280, 280, 906
2512, 325, 325, 485
2513, 228, 228, 1491
2514, 83, 83, 2989
2515, 66, 66, 3174
2516, 37, 37, 3544
2517, 309, 309, 656
2518, 152, 152, 2388
2519, 360, 360, 161
2520, 186, 186, 1970
2521, 116, 116, 2738
2522, 11, 11, 3841
2523, 260, 260, 1102
2524, 242, 242, 1379
2525, 105, 105, 2848
2526, 273, 273, 1018
2527, 208, 208, 1766
2528, 289, 289, 838
2529, 184, 184, 2042
2530, 168, 168, 2250
2531, 95, 95, 2942
2532, 348, 348, 284
2533, 94, 94, 2959
2534, 322, 322, 488
2535, 144, 144, 2461
2536, 263, 263, 1135
2537, 134, 134, 2596
2538, 283, 283, 924
2539, 66, 66, 3206
2540, 34, 34, 3598
2541, 57, 57, 3356
2542, 360, 360, 113
2543, 331, 331, 435
2544, 292, 292, 847
2545, 46, 46, 3454
2546, 3, 3, 3962
2547, 298, 298, 744
2548, 362, 362, 110
2549, 121, 121, 2702
2550, 253, 253, 1257
2551, 147, 147, 2432
2552, 234, 234, 1440
2553, 231, 231, 1451
2554, 6, 6, 3886
2555, 76, 76, 3171
2556, 340, 340, 299
2557, 283, 283, 904
2558, 248, 248, 1289
2559, 220, 220, 1489
2560, 95, 95, 2946
2561, 39, 39, 3539
2562, 299, 299, 784
2563, 30, 30, 3582
2564, 105, 105, 2850
2565, 250, 250, 1272
2566, 183, 183, 2043
2567, 1, 1, 3986
2568, 10, 10, 3868
2569, 61, 61, 3319
2570, 70, 70, 3192
2571, 13, 13, 3818
2572, 118, 118, 2676
2573, 23, 23, 3657
2574, 350, 350, 253
2575, 9, 9, 3875
2576, 41, 41, 3463
2577, 352, 352, 215
2578, 312, 312, 619
2579, 6, 6, 3925
2580, 64, 64, 3269
2581, 197, 197, 1877
2582, 120, 120, 2709
2583, 303, 303, 709
2584, 17, 17, 3680
2585, 135, 135, 2595
2586, 352, 352, 232
2587, 343, 343, 331
2588, 35, 35, 3500
2589, 224, 224, 1522
2590, 198, 198, 1820
2591, 150, 150, 2446
2592, 231, 231, 1413
2593, 94, 94, 2956
2594, 185, 185, 2029
2595, 350, 350, 264
2596, 354, 354, 228
2597, 332, 332, 424
2598, 339, 339, 250
2599, 331, 331, 448
2600, 18, 18, 3744
2601, 12, 12, 3794
2602, 312, 312, 618
2603, 104, 104, 2772
2604, 13, 13, 3804
2605, 286, 286, 872
2606, 115, 115, 2647
2607, 64, 64, 3267
2608, 230, 230, 1439
2609, 33, 33, 3619
2610, 73, 73, 3193
2611, 303, 303, 709
2612, 201, 201, 1848
2613, 164, 164, 2254
2614, 207, 207, 1770
2615, 224, 224, 1528
2616, 290, 290, 850
2617, 155, 155, 2355
2618, 201, 201, 1859
2619, 336, 336, 350
2620, 353, 353, 229
2621, 368, 368, 31
2622, 75, 75, 3148
2623, 215, 215, 1642
2624, 88, 88, 2988
2625, 260, 260, 1177
2626, 193, 193, 1906
2627, 36, 36, 3568
2628, 192, 192, 1954
2629, 141, 141, 2508
2630, 333, 333, 369
2631, 215, 215, 1698
2632, 162, 162, 2303
2633, 275, 275, 987
2634, 323, 323, 470
2635, 177, 177, 2107
2636, 166, 166, 2211
2637, 43, 43, 3469
2638, 211, 211, 1726
2639, 372, 372, 3
2640, 46, 46, 3440
2641, 250, 250, 1271
2642, 266, 266, 1064
2643, 248, 248, 1288
2644, 39, 39, 3526
2645, 74, 74, 3186
2646, 106, 106, 2816
2647, 335, 335, 376
2648, 222, 222, 1541
2649, 268, 268, 1027
2650, 264, 264, 1078
2651, 176, 176, 2122
2652, 267, 267, 1059
2653, 354, 354, 226
2654, 16, 16, 3765
2655, 333, 333, 399
2656, 234, 234, 1404
2657, 186, 186, 2023
2658, 3, 3, 3967
2659, 56, 56, 3358
2660, 323, 323, 532
2661, 307, 307, 688
2662, 239, 239, 1408
2663, 66, 66, 3187
2664, 217, 217, 1676
2665, 168, 168, 2230
2666, 246, 246, 1294
2667, 348, 348, 239
2668, 180, 180, 2051
2669, 48, 48, 3372
2670, 353, 353, 242
2671, 229, 229, 1492
2672, 305, 305, 644
2673, 244, 244, 1306
2674, 111, 111, 2780
2675, 320, 320, 522
2676, 327, 327, 493
2677, 191, 191, 1949
2678, 283, 283, 898
2679, 151, 151, 2386
2680, 58, 58, 3328
2681, 189, 189, 1976
2682, 324, 324, 509
2683, 335, 335, 387
2684, 170, 170, 2202
2685, 313, 313, 626
2686, 265, 265, 1138
2687, 4, 4, 3958
2688, 122, 122, 2649
2689, 233, 233, 1458
2690, 27, 27, 3668
2691, 74, 74, 3181
2692, 173, 173, 2146
2693, 230, 230, 1428
2694, 115, 115, 2720
2695, 357, 357, 174
2696, 27, 27, 3658
2697, 369, 369, 14
2698, 332, 332, 414
2699, 178, 178, 2062
2700, 17, 17, 3739
2701, 306, 306, 656
2702, 37, 37, 3554
2703, 302, 302, 735
2704, 160, 160, 2315
2705, 156, 156, 2334
2706, 250, 250, 1257
2707, 77, 77, 3160
2708, 309, 309, 635
2709, 137, 137, 2507
2710, 224, 224, 1546
2711, 1, 1, 3964
2712, 325, 325, 483
2713, 181, 181, 2055
2714, 304, 304, 703
2715, 79, 79, 3037
2716, 81, 81, 3033
2717, 199, 199, 1842
2718, 59, 59, 3348
2719, 213, 213, 1683
2720, 62, 62, 3300
2721, 56, 56, 3368
2722, 255, 255, 1216
2723, 231, 231, 1446
2724, 262, 262, 1149
2725, 4, 4, 3937
2726, 217, 217, 1621
2727, 261, 261, 1159
2728, 343, 343, 303
2729, 154, 154, 2387
2730, 62, 62, 3221
2731, 368, 368, 42
2732, 79, 79, 3043
2733, 106, 106, 2775
2734, 297, 297, 777
2735, 210, 210, 1710
2736, 231, 231, 1462
2737, 148, 148, 2386
2738, 282, 282, 870
2739, 179, 179, 2097
2740, 285, 285, 893
2741, 151, 151, 2417
2742, 181, 181, 2061
2743, 205, 205, 1728
2744, 297, 297, 824
2745, 79, 79, 3117
2746, 297, 297, 766
2747, 8, 8, 3858
2748, 280, 280, 959
2749, 326, 326, 466
2750, 195, 195, 1893
2751, 348, 348, 259
2752, 355, 355, 186
2753, 79, 79, 3109
2754, 180, 180, 2057
2755, 243, 243, 1335
2756, 80, 80, 3046
2757, 363, 363, 30
2758, 146, 146, 2495
2759, 22, 22, 3702
2760, 145, 145, 2417
2761, 211, 211, 1716
2762, 364, 364, 96
2763, 203, 203, 1813
2764, 326, 326, 492
2765, 288, 288, 874
2766, 41, 41, 3523
2767, 161, 161, 2306
2768, 56, 56, 3260
2769, 326, 326, 394
2770, 332, 332, 403
2771, 321, 321, 506
2772, 69, 69, 3163
2773, 107, 107, 2817
2774, 167, 167, 2234
2775, 339, 339, 339
2776, 190, 190, 1934
2777, 54, 54, 3352
2778, 315, 315, 549
2779, 102, 102, 2893
2780, 13, 13, 3818
2781, 148, 148, 2442
2782, 40, 40, 3504
2783, 370, 370, 5
2784, 198, 198, 1904
2785, 195, 195, 1913
2786, 216, 216, 1692
2787, 247, 247, 1302
2788, 194, 194, 1944
2789, 356, 356, 187
2790, 273, 273, 1004
2791, 336, 336, 361
2792, 166, 166, 2256
2793, 264, 264, 1101
2794, 143, 143, 2526
2795, 116, 116, 2748
2796, 157, 157, 2327
2797, 182, 182, 2050
2798, 271, 271, 1054
2799, 193, 193, 1939
2800, 104, 104, 2796
2801, 204, 204, 1809
2802, 144, 144, 2445
2803, 155, 155, 2311
2804, 314, 314, 626
2805, 305, 305, 680
2806, 86, 86, 3002
2807, 97, 97, 2912
2808, 369, 369, 32
2809, 35, 35, 3552
2810, 174, 174, 2157
2811, 355, 355, 203
2812, 156, 156, 2346
2813, 216, 216, 1661
2814, 314, 314, 560
2815, 351, 351, 250
2816, 7, 7, 3927
2817, 163, 163, 2252
2818, 225, 225, 1553
2819, 198, 198, 1871
2820, 148, 148, 2440
2821, 140, 140, 2557
2822, 136, 136, 2584
2823, 271, 271, 1048
2824, 369, 369, 10
2825, 264, 264, 1111
2826, 356, 356, 148
2827, 159, 159, 2337
2828, 39, 39, 3513
2829, 223, 223, 1554
2830, 346, 346, 277
2831, 122, 122, 2661
2832, 54, 54, 3363
2833, 83, 83, 3074
2834, 247, 247, 1324
2835, 337, 337, 342
2836, 18, 18, 3754
2837, 339, 339, 326
2838, 68, 68, 3254
2839, 361, 361, 139
2840, 5, 5, 3878
2841, 204, 204, 1764
2842, 337, 337, 342
2843, 170, 170, 2225
2844, 15, 15, 3777
2845, 283, 283, 902
2846, 105, 105, 2827
2847, 17, 17, 3704
2848, 77, 77, 3154
2849, 324, 324, 380
2850, 221, 221, 1575
2851, 190, 190, 1946
2852, 64, 64, 3290
2853, 361, 361, 160
2854, 87, 87, 2994
2855, 64, 64, 3300
2856, 217, 217, 1623
2857, 76, 76, 3142
2858, 189, 189, 1990
2859, 226, 226, 1488
2860, 298, 298, 696
2861, 130, 130, 2619
2862, 359, 359, 149
2863, 327, 327, 412
2864, 212, 212, 1693
2865, 199, 199, 1825
2866, 300, 300, 754
2867, 232, 232, 1448
2868, 174, 174, 2151
2869, 335, 335, 360
2870, 222, 222, 1587
2871, 154, 154, 2382
2872, 175, 175, 2124
2873, 194, 194, 1929
2874, 275, 275, 959
2875, 196, 196, 1902
2876, 75, 75, 3183
2877, 14, 14, 3786
2878, 216, 216, 1606
2879, 156, 156, 2337
2880, 360, 360, 167
2881, 40, 40, 3534
2882, 310, 310, 636
2883, 6, 6, 3809
2884, 370, 370, 46
2885, 32, 32, 3630
2886, 76, 76, 3109
2887, 214, 214, 1669
2888, 78, 78, 3125
2889, 232, 232, 1451
2890, 78, 78, 3157
2891, 357, 357, 173
2892, 367, 367, 70
2893, 23, 23, 3658
2894, 317, 317, 585
2895, 206, 206, 1764
2896, 229, 229, 1483
2897, 239, 239, 1339
2898, 31, 31, 3564
2899, 1, 1, 3986
2900, 180, 180, 2052
2901, 228, 228, 1503
2902, 147, 147, 2368
2903, 356, 356, 176
2904, 45, 45, 3432
2905, 59, 59, 3327
2906, 151, 151, 2430
2907, 92, 92, 2967
2908, 40, 40, 3466
2909, 368, 368, 37
2910, 245, 245, 1304
2911, 27, 27, 3633
2912, 33, 33, 3571
2913, 163, 163, 2292
2914, 14, 14, 3794
2915, 25, 25, 3617
2916, 163, 163, 2275
2917, 68, 68, 3255
2918, 220, 220, 1638
2919, 239, 239, 1400
2920, 304, 304, 707
2921, 263, 263, 1147
2922, 220, 220, 1573
2923, 299, 299, 777
2924, 256, 256, 1157
2925, 172, 172, 2159
2926, 101, 101, 2893
2927, 88, 88, 2992
2928, 11, 11, 3850
2929, 145, 145, 2457
2930, 90, 90, 2978
2931, 196, 196, 1902
2932, 2, 2, 3960
2933, 245, 245, 1347
2934, 148, 148, 2431
2935, 15, 15, 3744
2936, 267, 267, 1026
2937, 291, 291, 861
2938, 120, 120, 2711
2939, 326, 326, 492
2940, 282, 282, 898
2941, 334, 334, 368
2942, 320, 320, 477
2943, 298, 298, 821
2944, 113, 113, 2660
2945, 346, 346, 271
2946, 299, 299, 790
2947, 250, 250, 1287
2948, 7, 7, 3879
2949, 107, 107, 2780
2950, 122, 122, 2687
2951, 312, 312, 586
2952, 344, 344, 279
2953, 312, 312, 613
2954, 240, 240, 1363
2955, 235, 235, 1436
2956, 75, 75, 3124
2957, 311, 311, 609
2958, 333, 333, 428
2959, 89, 89, 2974
2960, 82, 82, 3066
2961, 16, 16, 3759
2962, 254, 254, 1229
2963, 84, 84, 3027
2964, 230, 230, 1458
2965, 26, 26, 3660
2966, 113, 113, 2771
2967, 145, 145, 2484
2968, 290, 290, 873
2969, 202, 202, 1835
2970, 58, 58, 3329
2971, 174, 174, 2124
2972, 170, 170, 2203
2973, 359, 359, 158
2974, 97, 97, 2945
2975, 252, 252, 1215
2976, 296, 296, 782
2977, 360, 360, 88
2978, 146, 146, 2503
2979, 305, 305, 661
2980, 105, 105, 2868
2981, 222, 222, 1542
2982, 248, 248, 1247
2983, 42, 42, 3500
2984, 170, 170, 2155
2985, 87, 87, 2962
2986, 281, 281, 936
2987, 219, 219, 1631
2988, 35, 35, 3571
2989, 212, 212, 1717
2990, 278, 278, 958
2991, 130, 130, 2638
2992, 232, 232, 1476
2993, 167, 167, 2187
2994, 185, 185, 2017
2995, 95, 95, 2934
2996, 169, 169, 2199
2997, 257, 257, 1140
2998, 208, 208, 1770
2999, 82, 82, 3072
3000, 61, 61, 3327
3001, 226, 226, 1451
3002, 258, 258, 1196
3003, 196, 196, 1882
3004, 220, 220, 1610
3005, 318, 318, 494
3006, 80, 80, 3098
3007, 153, 153, 2392
3008, 314, 314, 582
3009, 186, 186, 1953
3010, 78, 78, 3053
3011, 6, 6, 3802
3012, 9, 9, 3847
3013, 308, 308, 652
3014, 24, 24, 3654
3015, 156, 156, 2355
3016, 32, 32, 3614
3017, 317, 317, 591
3018, 1, 1, 3986
3019, 37, 37, 3538
3020, 127, 127, 2660
3021, 281, 281, 944
3022, 139, 139, 2528
3023, 326, 326, 488
3024, 43, 43, 3483
3025, 318, 318, 545
3026, 46, 46, 3422
3027, 182, 182, 2034
3028, 184, 184, 2037
3029, 224, 224, 1544
3030, 263, 263, 1107
3031, 242, 242, 1365
3032, 84, 84, 2996
3033, 123, 123, 2655
3034, 61, 61, 3247
3035, 312, 312, 606
3036, 76, 76, 3149
3037, 121, 121, 2697
3038, 48, 48, 3350
3039, 363, 363, 83
3040, 270, 270, 1002
3041, 154, 154, 2403
3042, 350, 350, 238
3043, 289, 289, 850
3044, 82, 82, 3055
3045, 8, 8, 3892
3046, 67, 67, 3205
3047, 85, 85, 3021
3048, 290, 290, 835
3049, 64, 64, 3191
3050, 95, 95, 2911
3051, 41, 41, 3495
3052, 324, 324, 488
3053, 232, 232, 1439
3054, 1, 1, 3983
3055, 340, 340, 323
3056, 160, 160, 2336
3057, 18, 18, 3757
3058, 156, 156, 2358
3059, 303, 303, 726
3060, 246, 246, 1302
3061, 42, 42, 3465
3062, 179, 179, 2091
3063, 307, 307, 650
3064, 177, 177, 2120
3065, 215, 215, 1690
3066, 221, 221, 1608
3067, 220, 220, 1622
3068, 334, 334, 388
3069, 279, 279, 958
3070, 181, 181, 2057
3071, 240, 240, 1390
3072, 55, 55, 3361
3073, 160, 160, 2295
3074, 167, 167, 2240
3075, 112, 112, 2768
3076, 137, 137, 2540
3077, 204, 204, 1797
3078, 174, 174, 2141
3079, 50, 50, 3375
3080, 245, 245, 1341
3081, 271, 271, 1053
3082, 71, 71, 3223
3083, 202, 202, 1829
3084, 104, 104, 2844
3085, 36, 36, 3558
3086, 172, 172, 2152
3087, 223, 223, 1533
3088, 60, 60, 3316
3089, 324, 324, 510
3090, 161, 161, 2259
3091, 280, 280, 970
3092, 339, 339, 327
3093, 336, 336, 350
3094, 186, 186, 1972
3095, 106, 106, 2800
3096, 182, 182, 2040
3097, 30, 30, 3580
3098, 299, 299, 774
3099, 109, 109, 2780
3100, 321, 321, 538
3101, 103, 103, 2831
3102, 358, 358, 171
3103, 7, 7, 3899
3104, 226, 226, 1479
3105, 110, 110, 2763
3106, 86, 86, 3019
3107, 370, 370, 19
3108, 312, 312, 561
3109, 228, 228, 1512
3110, 15, 15, 3746
3111, 164, 164, 2254
3112, 96, 96, 2917
3113, 90, 90, 2969
3114, 366, 366, 83
3115, 208, 208, 1762
3116, 140, 140, 2528
3117, 136, 136, 2587
3118, 65, 65, 3295
3119, 171, 171, 2196
3120, 45, 45, 3450
3121, 222, 222, 1554
3122, 75, 75, 3166
3123, 363, 363, 129
3124, 167, 167, 2256
3125, 261, 261, 1138
3126, 92, 92, 2929
3127, 343, 343, 296
3128, 303, 303, 718
3129, 368, 368, 55
3130, 50, 50, 3429
3131, 222, 222, 1608
3132, 101, 101, 2887
3133, 35, 35, 3600
3134, 225, 225, 1507
3135, 304, 304, 718
3136, 119, 119, 2715
3137, 286, 286, 878
3138, 298, 298, 737
3139, 34, 34, 3628
3140, 147, 147, 2390
3141, 293, 293, 835
3142, 199, 199, 1882
3143, 244, 244, 1308
3144, 11, 11, 3805
3145, 159, 159, 2317
3146, 48, 48, 3422
3147, 118, 118, 2685
3148, 247, 247, 1257
3149, 84, 84, 3069
3150, 284, 284, 881
3151, 303, 303, 707
3152, 314, 314, 623
3153, 335, 335, 399
3154, 288, 288, 836
3155, 102, 102, 2879
3156, 197, 197, 1889
3157, 360, 360, 118
3158, 36, 36, 3527
3159, 134, 134, 2607
3160, 356, 356, 173
3161, 88, 88, 2956
3162, 355, 355, 215
3163, 48, 48, 3412
3164, 99, 99, 2908
3165, 178, 178, 2074
3166, 360, 360, 130
3167, 189, 189, 1976
3168, 63, 63, 3304
3169, 253, 253, 1219
3170, 190, 190, 1956
3171, 183, 183, 2046
3172, 182, 182, 2055
3173, 12, 12, 3839
3174, 23, 23, 3706
3175, 168, 168, 2212
3176, 137, 137, 2508
3177, 80, 80, 3128
3178, 287, 287, 897
3179, 14, 14, 3765
3180, 164, 164, 2197
3181, 175, 175, 2130
3182, 325, 325, 472
3183, 76, 76, 3172
3184, 139, 139, 2529
3185, 212, 212, 1661
3186, 154, 154, 2403
3187, 332, 332, 418
3188, 172, 172, 2131
3189, 161, 161, 2283
3190, 51, 51, 3377
3191, 126, 126, 2656
3192, 222, 222, 1591
3193, 3, 3, 3944
3194, 178, 178, 2069
3195, 288, 288, 852
3196, 155, 155, 2370
3197, 141, 141, 2551
3198, 106, 106, 2828
3199, 183, 183, 2026
3200, 361, 361, 123
3201, 296, 296, 784
3202, 366, 366, 72
3203, 139, 139, 2530
3204, 278, 278, 975
3205, 15, 15, 3779
3206, 266, 266, 1094
3207, 42, 42, 3484
3208, 67, 67, 3259
3209, 185, 185, 1991
3210, 68, 68, 3249
3211, 204, 204, 1809
3212, 324, 324, 473
3213, 365, 365, 74
3214, 276, 276, 981
3215, 83, 83, 3002
3216, 209, 209, 1735
3217, 20, 20, 3737
3218, 16, 16, 3772
3219, 10, 10, 3866
3220, 185, 185, 2020
3221, 36, 36, 3501
3222, 104, 104, 2874
3223, 34, 34, 3611
3224, 43, 43, 3445
3225, 282, 282, 943
3226, 294, 294, 815
3227, 172, 172, 2167
3228, 11, 11, 3847
3229, 26, 26, 3643
3230, 354, 354, 193
3231, 344, 344, 322
3232, 299, 299, 780
3233, 313, 313, 617
3234, 70, 70, 3204
3235, 178, 178, 2107
3236, 332, 332, 396
3237, 341, 341, 298
3238, 219, 219, 1591
3239, 369, 369, 8
3240, 164, 164, 2289
3241, 258, 258, 1193
3242, 202, 202, 1817
3243, 117, 117, 2762
3244, 251, 251, 1267
3245, 75, 75, 3150
3246, 175, 175, 2116
3247, 55, 55, 3354
3248, 102, 102, 2887
3249, 167, 167, 2240
3250, 36, 36, 3572
3251, 252, 252, 1259
3252, 210, 210, 1741
3253, 145, 145, 2446
3254, 250, 250, 1223
3255, 224, 224, 1538
3256, 17, 17, 3742
3257, 184, 184, 2038
3258, 25, 25, 3705
3259, 33, 33, 3589
3260, 207, 207, 1682
3261, 353, 353, 250
3262, 347, 347, 263
3263, 106, 106, 2814
3264, 289, 289, 867
3265, 40, 40, 3467
3266, 282, 282, 921
3267, 220, 220, 1616
3268, 17, 17, 3765
3269, 103, 103, 2865
3270, 217, 217, 1624
3271, 152, 152, 2406
3272, 364, 364, 58
3273, 45, 45, 3441
3274, 224, 224, 1520
3275, 242, 242, 1325
3276, 136, 136, 2591
3277, 1, 1, 3988
3278, 307, 307, 679
3279, 203, 203, 1831
3280, 166, 166, 2228
3281, 346, 346, 251
3282, 77, 77, 3090
3283, 2, 2, 3969
3284, 122, 122, 2697
3285, 337, 337, 313
3286, 198, 198, 1859
3287, 109, 109, 2791
3288, 156, 156, 2352
3289, 192, 192, 1916
3290, 117, 117, 2732
3291, 334, 334, 386
3292, 174, 174, 2166
3293, 89, 89, 2995
3294, 73, 73, 3200
3295, 51, 51, 3385
3296, 107, 107, 2814
3297, 330, 330, 473
3298, 274, 274, 1001
3299, 134, 134, 2579
3300, 52, 52, 3338
3301, 88, 88, 2977
3302, 240, 240, 1337
3303, 52, 52, 3396
3304, 150, 150, 2418
3305, 104, 104, 2857
3306, 268, 268, 1073
3307, 239, 239, 1362
3308, 103, 103, 2845
3309, 178, 178, 2104
3310, 74, 74, 3193
3311, 235, 235, 1425
3312, 120, 120, 2707
3313, 126, 126, 2635
3314, 209, 209, 1746
3315, 237, 237, 1405
3316, 92, 92, 2949
3317, 33, 33, 3605
3318, 317, 317, 548
3319, 217, 217, 1653
3320, 201, 201, 1873
3321, 61, 61, 3281
3322, 177, 177, 2039
3323, 368, 368, 39
3324, 163, 163, 2276
3325, 222, 222, 1591
3326, 15, 15, 3777
3327, 268, 268, 1091
3328, 180, 180, 2064
3329, 261, 261, 1130
3330, 369, 369, 22
3331, 204, 204, 1755
3332, 364, 364, 108
3333, 238, 238, 1360
3334, 257, 257, 1151
3335, 135, 135, 2526
3336, 317, 317, 569
3337, 137, 137, 2577
3338, 351, 351, 240
3339, 43, 43, 3415
3340, 308, 308, 681
3341, 44, 44, 3433
3342, 256, 256, 1192
3343, 52, 52, 3389
3344, 181, 181, 2069
3345, 96, 96, 2939
3346, 264, 264, 1146
3347, 235, 235, 1370
3348, 103, 103, 2896
3349, 211, 211, 1694
3350, 84, 84, 3023
3351, 290, 290, 770
3352, 276, 276, 975
3353, 237, 237, 1414
3354, 255, 255, 1161
3355, 34, 34, 3604
3356, 88, 88, 3005
3357, 280, 280, 938
3358, 305, 305, 695
3359, 235, 235, 1421
3360, 181, 181, 2069
3361, 267, 267, 1069
3362, 75, 75, 3176
3363, 170, 170, 2177
3364, 150, 150, 2429
3365, 306, 306, 680
3366, 267, 267, 1055
3367, 86, 86, 2999
3368, 65, 65, 3257
3369, 249, 249, 1296
3370, 114, 114, 2766
3371, 2, 2, 3938
3372, 269, 269, 1081
3373, 3, 3, 3958
3374, 22, 22, 3679
3375, 39, 39, 3502
3376, 62, 62, 3249
3377, 293, 293, 825
3378, 255, 255, 1224
3379, 173, 173, 2146
3380, 102, 102, 2872
3381, 347, 347, 247
3382, 94, 94, 2916
3383, 13, 13, 3847
3384, 217, 217, 1661
3385, 363, 363, 77
3386, 43, 43, 3451
3387, 272, 272, 1018
3388, 276, 276, 1016
3389, 324, 324, 498
3390, 149, 149, 2440
3391, 46, 46, 3437
3392, 220, 220, 1568
3393, 218, 218, 1616
3394, 190, 190, 1966
3395, 339, 339, 349
3396, 161, 161, 2296
3397, 84, 84, 3021
3398, 59, 59, 3348
3399, 197, 197, 1905
3400, 304, 304, 669
3401, 144, 144, 2466
3402, 171, 171, 2196
3403, 207, 207, 1751
3404, 109, 109, 2777
3405, 200, 200, 1875
3406, 216, 216, 1605
3407, 182, 182, 2026
3408, 84, 84, 3053
3409, 108, 108, 2830
3410, 358, 358, 172
3411, 193, 193, 1925
3412, 49, 49, 3429
3413, 79, 79, 3088
3414, 205, 205, 1772
3415, 231, 231, 1443
3416, 40, 40, 3518
3417, 222, 222, 1576
3418, 146, 146, 2461
3419, 286, 286, 886
3420, 150, 150, 2426
3421, 281, 281, 901
3422, 343, 343, 323
3423, 1, 1, 3994
3424, 100, 100, 2870
3425, 164, 164, 2289
3426, 305, 305, 696
3427, 227, 227, 1518
3428, 213, 213, 1662
3429, 334, 334, 396
3430, 43, 43, 3424
3431, 157, 157, 2332
3432, 102, 102, 2863
3433, 219, 219, 1620
3434, 329, 329, 435
3435, 218, 218, 1640
3436, 12, 12, 3847
3437, 155, 155, 2392
3438, 366, 366, 18
3439, 100, 100, 2900
3440, 254, 254, 1222
3441, 320, 320, 543
3442, 291, 291, 825
3443, 274, 274, 1004
3444, 2, 2, 3983
3445, 91, 91, 2950
3446, 147, 147, 2447
3447, 38, 38, 3501
3448, 289, 289, 878
3449, 279, 279, 908
3450, 333, 333, 387
3451, 61, 61, 3304
3452, 171, 171, 2162
3453, 267, 267, 1062
3454, 28, 28, 3651
3455, 266, 266, 1032
3456, 53, 53, 3351
3457, 334, 334, 347
3458, 101, 101, 2902
3459, 241, 241, 1366
3460, 302, 302, 743
3461, 159, 159, 2326
3462, 364, 364, 50
3463, 4, 4, 3958
3464, 345, 345, 298
3465, 290, 290, 837
3466, 192, 192, 1950
3467, 325, 325, 498
3468, 62, 62, 3229
3469, 190, 190, 1969
3470, 44, 44, 3398
3471, 294, 294, 804
3472, 140, 140, 2512
3473, 310, 310, 576
3474, 205, 205, 1808
3475, 105, 105, 2847
3476, 9, 9, 3878
3477, 352, 352, 255
3478, 157, 157, 2349
3479, 266, 266, 1108
3480, 262, 262, 1163
3481, 114, 114, 2736
3482, 298, 298, 764
3483, 25, 25, 3677
3484, 361, 361, 151
3485, 328, 328, 415
3486, 305, 305, 709
3487, 12, 12, 3854
3488, 268, 268, 1114
3489, 27, 27, 3612
3490, 252, 252, 1220
3491, 167, 167, 2210
3492, 160, 160, 2290
3493, 248, 248, 1270
3494, 169, 169, 2168
3495, 90, 90, 2941
3496, 175, 175, 2107
3497, 328, 328, 471
3498, 44, 44, 3439
3499, 216, 216, 1689
3500, 151, 151, 2440
3501, 72, 72, 3189
3502, 145, 145, 2493
3503, 248, 248, 1304
3504, 363, 363, 117
3505, 309, 309, 653
3506, 360, 360, 151
3507, 339, 339, 347
3508, 283, 283, 908
3509, 104, 104, 2852
3510, 226, 226, 1455
3511, 153, 153, 2423
3512, 188, 188, 1941
3513, 132, 132, 2572
3514, 177, 177, 2101
3515, 178, 178, 2092
3516, 60, 60, 3339
3517, 72, 72, 3162
3518, 193, 193, 1946
3519, 330, 330, 454
3520, 75, 75, 3126
3521, 38, 38, 3519
3522, 84, 84, 3016
3523, 206, 206, 1769
3524, 298, 298, 789
3525, 260, 260, 1184
3526, 305, 305, 710
3527, 65, 65, 3249
3528, 219, 219, 1655
3529, 324, 324, 501
3530, 248, 248, 1290
3531, 330, 330, 447
3532, 364, 364, 42
3533, 15, 15, 3783
3534, 178, 178, 2103
3535, 321, 321, 512
3536, 295, 295, 788
3537, 136, 136, 2607
3538, 257, 257, 1211
3539, 210, 210, 1696
3540, 203, 203, 1811
3541, 86, 86, 3019
3542, 323, 323, 471
3543, 15, 15, 3752
3544, 221, 221, 1591
3545, 99, 99, 2924
3546, 162, 162, 2196
3547, 280, 280, 930
3548, 178, 178, 2087
3549, 358, 358, 143
3550, 209, 209, 1736
3551, 223, 223, 1565
3552, 22, 22, 3662
3553, 293, 293, 752
3554, 57, 57, 3334
3555, 294, 294, 803
3556, 163, 163, 2289
3557, 333, 333, 396
3558, 333, 333, 404
3559, 346, 346, 296
3560, 284, 284, 897
3561, 210, 210, 1694
3562, 266, 266, 1096
3563, 245, 245, 1292
3564, 203, 203, 1829
3565, 70, 70, 3199
3566, 172, 172, 2156
3567, 134, 134, 2617
3568, 172, 172, 2158
3569, 48, 48, 3367
3570, 304, 304, 665
3571, 341, 341, 322
3572, 155, 155, 2386
3573, 263, 263, 1137
3574, 364, 364, 74
3575, 1, 1, 3977
3576, 366, 366, 61
3577, 166, 166, 2271
3578, 282, 282, 908
3579, 146, 146, 2500
3580, 115, 115, 2766
3581, 87, 87, 2996
3582, 366, 366, 66
3583, 111, 111, 2780
3584, 19, 19, 3749
3585, 52, 52, 3400
3586, 5, 5, 3935
3587, 182, 182, 2038
3588, 13, 13, 3797
3589, 337, 337, 340
3590, 156, 156, 2334
3591, 272, 272, 1046
3592, 154, 154, 2386
3593, 49, 49, 3430
3594, 118, 118, 2690
3595, 356, 356, 216
3596, 87, 87, 2982
3597, 289, 289, 846
3598, 68, 68, 3185
3599, 229, 229, 1492
3600, 354, 354, 214
3601, 6, 6, 3851
3602, 201, 201, 1814
3603, 91, 91, 2952
3604, 243, 243, 1340
3605, 164, 164, 2241
3606, 92, 92, 2930
3607, 209, 209, 1753
3608, 288, 288, 864
3609, 347, 347, 190
3610, 342, 342, 254
3611, 32, 32, 3630
3612, 75, 75, 3186
3613, 307, 307, 672
3614, 113, 113, 2762
3615, 62, 62, 3287
3616, 366, 366, 72
3617, 122, 122, 2697
3618, 241, 241, 1325
3619, 355, 355, 221
3620, 50, 50, 3389
3621, 18, 18, 3660
3622, 219, 219, 1620
3623, 202, 202, 1776
3624, 43, 43, 3442
3625, 345, 345, 310
3626, 189, 189, 1992
3627, 152, 152, 2424
3628, 229, 229, 1509
3629, 223, 223, 1529
3630, 348, 348, 269
3631, 179, 179, 2075
3632, 238, 238, 1380
3633, 179, 179, 2083
3634, 273, 273, 1027
3635, 116, 116, 2720
3636, 344, 344, 324
3637, 338, 338, 309
3638, 326, 326, 474
3639, 259, 259, 1188
3640, 322, 322, 499
3641, 269, 269, 1080
3642, 261, 261, 1170
3643, 368, 368, 38
3644, 207, 207, 1752
3645, 5, 5, 3932
3646, 53, 53, 3325
3647, 171, 171, 2176
3648, 90, 90, 2982
3649, 307, 307, 651
3650, 153, 153, 2398
3651, 156, 156, 2371
3652, 307, 307, 663
3653, 336, 336, 370
3654, 357, 357, 147
3655, 330, 330, 457
3656, 269, 269, 1032
3657, 147, 147, 2491
3658, 70, 70, 3234
3659, 138, 138, 2541
3660, 369, 369, 21
3661, 36, 36, 3503
3662, 305, 305, 616
3663, 208, 208, 1753
3664, 193, 193, 1938
3665, 191, 191, 1996
3666, 289, 289, 826
3667, 166, 166, 2263
3668, 159, 159, 2305
3669, 213, 213, 1652
3670, 13, 13, 3803
3671, 72, 72, 3157
3672, 115, 115, 2732
3673, 242, 242, 1326
3674, 73, 73, 3195
3675, 292, 292, 836
3676, 249, 249, 1258
3677, 143, 143, 2520
3678, 86, 86, 3012
3679, 313, 313, 592
3680, 36, 36, 3523
3681, 204, 204, 1762
3682, 94, 94, 2964
3683, 320, 320, 538
3684, 175, 175, 2132
3685, 40, 40, 3463
3686, 240, 240, 1348
3687, 77, 77, 3165
3688, 157, 157, 2307
3689, 313, 313, 582
3690, 180, 180, 2058
3691, 160, 160, 2328
3692, 332, 332, 437
3693, 81, 81, 3027
3694, 332, 332, 433
3695, 155, 155, 2375
3696, 272, 272, 1023
3697, 252, 252, 1259
3698, 276, 276, 990
3699, 61, 61, 3328
3700, 98, 98, 2911
3701, 263, 263, 1146
3702, 142, 142, 2485
3703, 188, 188, 1995
3704, 149, 149, 2472
3705, 181, 181, 2032
3706, 106, 106, 2831
3707, 366, 366, 82
3708, 281, 281, 905
3709, 171, 171, 2196
3710, 306, 306, 675
3711, 333, 333, 428
3712, 3, 3, 3958
3713, 28, 28, 3639
3714, 247, 247, 1319
3715, 148, 148, 2443
3716, 42, 42, 3454
3717, 121, 121, 2667
3718, 183, 183, 1960
3719, 207, 207, 1761
3720, 31, 31, 3601
3721, 335, 335, 370
3722, 327, 327, 441
3723, 371, 371, 38
3724, 49, 49, 3397
3725, 286, 286, 875
3726, 153, 153, 2413
3727, 333, 333, 420
3728, 143, 143, 2486
3729, 14, 14, 3756
3730, 363, 363, 101
3731, 240, 240, 1398
3732, 281, 281, 902
3733, 96, 96, 2938
3734, 16, 16, 3745
3735, 55, 55, 3374
3736, 242, 242, 1323
3737, 100, 100, 2929
3738, 44, 44, 3456
3739, 168, 168, 2228
3740, 264, 264, 1125
3741, 363, 363, 131
3742, 80, 80, 3008
3743, 232, 232, 1435
3744, 360, 360, 122
3745, 308, 308, 679
3746, 352, 352, 230
3747, 34, 34, 3577
3748, 59, 59, 3346
3749, 171, 171, 2190
3750, 215, 215, 1690
3751, 90, 90, 2947
3752, 96, 96, 2913
3753, 174, 174, 2132
3754, 60, 60, 3337
3755, 160, 160, 2310
3756, 86, 86, 3007
3757, 204, 204, 1751
3758, 80, 80, 3083
3759, 225, 225, 1493
3760, 224, 224, 1507
3761, 36, 36, 3536
3762, 65, 65, 3243
3763, 153, 153, 2409
3764, 106, 106, 2826
3765, 87, 87, 2989
3766, 172, 172, 2135
3767, 359, 359, 149
3768, 190, 190, 1918
3769, 219, 219, 1591
3770, 155, 155, 2377
3771, 52, 52, 3395
3772, 210, 210, 1723
3773, 208, 208, 1738
3774, 286, 286, 830
3775, 168, 168, 2197
3776, 153, 153, 2417
3777, 235, 235, 1413
3778, 207, 207, 1774
3779, 178, 178, 2116
3780, 3, 3, 3955
3781, 42, 42, 3465
3782, 237, 237, 1415
3783, 104, 104, 2868
3784, 190, 190, 1949
3785, 300, 300, 753
3786, 257, 257, 1179
3787, 280, 280, 956
3788, 103, 103, 2856
3789, 315, 315, 614
3790, 105, 105, 2801
3791, 299, 299, 715
3792, 358, 358, 150
3793, 153, 153, 2397
3794, 43, 43, 3476
3795, 90, 90, 2976
3796, 208, 208, 1738
3797, 218, 218, 1611
3798, 78, 78, 3126
3799, 369, 369, 8
3800, 73, 73, 3202
3801, 199, 199, 1855
3802, 51, 51, 3403
3803, 246, 246, 1277
3804, 30, 30, 3593
3805, 318, 318, 585
3806, 43, 43, 3475
3807, 188, 188, 2011
3808, 185, 185, 1998
3809, 214, 214, 1601
3810, 361, 361, 127
3811, 159, 159, 2306
3812, 236, 236, 1418
3813, 220, 220, 1542
3814, 257, 257, 1174
3815, 54, 54, 3367
3816, 125, 125, 2647
3817, 153, 153, 2353
3818, 340, 340, 323
3819, 226, 226, 1503
3820, 93, 93, 2967
3821, 37, 37, 3477
3822, 166, 166, 2218
3823, 44, 44, 3469
3824, 169, 169, 2226
3825, 212, 212, 1694
3826, 149, 149, 2446
3827, 3, 3, 3964
3828, 61, 61, 3305
3829, 192, 192, 1924
3830, 2, 2, 3972
3831, 101, 101, 2860
3832, 14, 14, 3779
3833, 18, 18, 3727
3834, 360, 360, 137
3835, 20, 20, 3725
3836, 308, 308, 664
3837, 2, 2, 3964
3838, 210, 210, 1736
3839, 86, 86, 3015
3840, 219, 219, 1566
3841, 167, 167, 2215
3842, 243, 243, 1321
3843, 88, 88, 2984
3844, 361, 361, 109
3845, 139, 139, 2495
3846, 156, 156, 2352
3847, 113, 113, 2757
3848, 256, 256, 1201
3849, 80, 80, 3027
3850, 347, 347, 260
3851, 323, 323, 520
3852, 102, 102, 2856
3853, 103, 103, 2831
3854, 2, 2, 3990
3855, 267, 267, 1082
3856, 322, 322, 525
3857, 110, 110, 2788
3858, 273, 273, 1046
3859, 356, 356, 183
3860, 302, 302, 712
3861, 239, 239, 1370
3862, 81, 81, 3043
3863, 326, 326, 491
3864, 231, 231, 1449
3865, 39, 39, 3532
3866, 356, 356, 216
3867, 149, 149, 2466
3868, 36, 36, 3497
3869, 160, 160, 2304
3870, 229, 229, 1481
3871, 265, 265, 1063
3872, 285, 285, 871
3873, 76, 76, 3154
3874, 333, 333, 399
3875, 273, 273, 981
3876, 189, 189, 2001
3877, 114, 114, 2751
3878, 362, 362, 90
3879, 67, 67, 3202
3880, 174, 174, 2131
3881, 299, 299, 702
3882, 366, 366, 75
3883, 277, 277, 987
3884, 40, 40, 3533
3885, 363, 363, 65
3886, 180, 180, 2070
3887, 334, 334, 411
3888, 72, 72, 3205
3889, 41, 41, 3468
3890, 279, 279, 946
3891, 6, 6, 3917
3892, 256, 256, 1191
3893, 1, 1, 3989
3894, 298, 298, 760
3895, 83, 83, 2992
3896, 10, 10, 3873
3897, 244, 244, 1329
3898, 234, 234, 1458
3899, 51, 51, 3370
3900, 28, 28, 3633
3901, 64, 64, 3291
3902, 298, 298, 785
3903, 288, 288, 857
3904, 108, 108, 2797
3905, 225, 225, 1537
3906, 172, 172, 2190
3907, 294, 294, 799
3908, 345, 345, 288
3909, 164, 164, 2280
3910, 339, 339, 353
3911, 110, 110, 2771
3912, 60, 60, 3334
3913, 332, 332, 428
3914, 17, 17, 3759
3915, 69, 69, 3220
3916, 293, 293, 845
3917, 170, 170, 2181
3918, 2, 2, 3983
3919, 367, 367, 50
3920, 182, 182, 2001
3921, 282, 282, 929
3922, 345, 345, 319
3923, 74, 74, 3192
3924, 251, 251, 1270
3925, 269, 269, 1080
3926, 142, 142, 2537
3927, 263, 263, 1143
3928, 154, 154, 2409
3929, 339, 339, 347
3930, 283, 283, 866
3931, 150, 150, 2394
3932, 26, 26, 3639
3933, 190, 190, 2003
3934, 29, 29, 3603
3935, 111, 111, 2788
3936, 38, 38, 3540
3937, 204, 204, 1793
3938, 29, 29, 3587
3939, 350, 350, 181
3940, 331, 331, 425
3941, 4, 4, 3941
3942, 95, 95, 2952
3943, 362, 362, 112
3944, 298, 298, 721
3945, 82, 82, 3063
3946, 58, 58, 3332
3947, 221, 221, 1567
3948, 251, 251, 1244
3949, 63, 63, 3315
3950, 191, 191, 1969
3951, 64, 64, 3246
3952, 346, 346, 244
3953, 164, 164, 2289
3954, 110, 110, 2790
3955, 227, 227, 1514
3956, 22, 22, 3721
3957, 244, 244, 1327
3958, 87, 87, 3009
3959, 175, 175, 2130
3960, 214, 214, 1675
3961, 9, 9, 3875
3962, 287, 287, 876
3963, 210, 210, 1666
3964, 166, 166, 2231
3965, 325, 325, 480
3966, 331, 331, 454
3967, 205, 205, 1771
3968, 131, 131, 2625
3969, 368, 368, 42
3970, 158, 158, 2304
3971, 50, 50, 3403
3972, 341, 341, 335
3973, 250, 250, 1257
3974, 38, 38, 3515
3975, 268, 268, 1056
3976, 308, 308, 672
3977, 105, 105, 2847
3978, 91, 91, 2975
3979, 193, 193, 1917
3980, 144, 144, 2514
3981, 281, 281, 945
3982, 260, 260, 1163
3983, 110, 110, 2758
3984, 36, 36, 3586
3985, 3, 3, 3953
3986, 311, 311, 624
3987, 61, 61, 3307
3988, 246, 246, 1281
3989, 28, 28, 3633
3990, 206, 206, 1789
3991, 61, 61, 3308
3992, 7, 7, 3861
3993, 83, 83, 3017
3994, 277, 277, 974
3995, 179, 179, 2092
3996, 8, 8, 3849
3997, 234, 234, 1428
3998, 353, 353, 215
3999, 143, 143, 2475
