0 0
91900 0
92269 1
93435 1
93583 2
187943 2
188264 3
189328 3
189481 4
262587 4
262844 5
263967 5
264143 6
353214 7
354761 7
354875 8
355592 9
356827 9
357848 10
358551 11
359614 11
359905 12
368797 6
369690 13
371149 13
371441 14
430782 8
431700 15
433266 15
433560 16
435425 10
436353 17
437574 12
437602 17
437982 18
438989 19
440338 19
440647 20
447046 14
447819 21
449341 21
449605 22
511604 16
512496 23
513726 23
513935 18
514015 24
514719 25
515975 25
516341 26
516634 20
517428 27
519003 27
519320 28
531013 22
531837 29
533422 29
533715 30
589419 24
590282 31
591502 31
591768 32
592192 26
593011 33
594024 33
594292 34
600133 28
600929 35
602554 35
602837 36
613258 30
614122 37
615306 37
615596 38
669401 32
670332 39
671575 39
671830 40
671845 34
672643 41
673874 41
674102 42
679157 36
679942 43
681183 43
681474 44
692067 38
692942 45
694463 45
694761 46
750217 40
751048 47
752210 42
752302 47
752627 48
753241 49
754321 49
754600 50
757845 44
758708 51
760290 51
760568 52
771803 46
772746 53
774260 53
774565 54
827445 48
828307 55
829469 50
829887 55
830051 56
830846 57
832118 57
832410 58
843622 52
844563 59
846083 59
846462 60
858363 54
859288 61
860817 61
861159 62
908765 56
909311 58
909756 63
911397 63
911535 64
912313 65
913574 65
913848 66
924092 60
924926 67
926463 67
926756 68
939350 62
940234 69
941732 69
941992 70
991827 64
992377 66
992798 71
994093 71
994243 72
994953 73
996158 73
996424 74
1006938 68
1007864 75
1009371 75
1009646 76
1022855 70
1023779 77
1025335 77
1025619 78
1071209 72
1072176 79
1073484 79
1073756 80
1077027 74
1077822 81
1078856 81
1079162 82
1086990 76
1087874 83
1089416 83
1089705 84
1104137 78
1104991 85
1106273 85
1106549 86
1154198 80
1155077 87
1156370 87
1156631 88
1157948 82
1158807 89
1160143 89
1160383 90
1168813 84
1169745 91
1171210 91
1171488 92
1185871 86
1186835 93
1188382 93
1188669 94
1235414 88
1236242 95
1237523 95
1237843 96
1237960 90
1239011 97
1240326 97
1240596 98
1247054 92
1247918 99
1249479 99
1249746 100
1265583 94
1266517 101
1268069 101
1268397 102
1316551 96
1317499 103
1318697 103
1318806 98
1319073 104
1319617 105
1320870 105
1321085 106
1330473 100
1331367 107
1332933 107
1333252 108
1349635 102
1350614 109
1352154 109
1352472 110
1398027 104
1398915 111
1400135 111
1400393 112
1400889 106
1401663 113
1403204 113
1403484 114
1412736 108
1413649 115
1415131 115
1415404 116
1431520 110
1432464 117
1433956 117
1434264 118
1478213 112
1479054 119
1480070 119
1480390 120
1483731 114
1484585 121
1486036 121
1486368 122
1495053 116
1495825 123
1497020 123
1497357 124
1514728 118
1515642 125
1517301 125
1517595 126
1556500 120
1557440 127
1558679 127
1558958 128
1565756 122
1566701 129
1568393 129
1568702 130
1578819 124
1579809 131
1581342 131
1581635 132
1595956 126
1596911 133
1598453 133
1598734 134
1638082 128
1638986 135
1640278 135
1640524 136
1646301 130
1647105 137
1648366 137
1648659 138
1658832 132
1659758 139
1661254 139
1661534 140
1676407 134
1677364 141
1678879 141
1679162 142
1719688 136
1720683 143
1721735 143
1721993 144
1725531 138
1726375 145
1727876 145
1728166 146
1738519 140
1739466 147
1740939 147
1741279 148
1757227 142
1758076 149
1759365 149
1759636 150
1799771 144
1800712 151
1801750 151
1802009 152
1808711 146
1809717 153
1811146 153
1811485 154
1822900 148
1823806 155
1825334 155
1825618 156
1841590 150
1842517 157
1844035 157
1844381 158
1878996 152
1879841 159
1880903 159
1881209 160
1893618 154
1894530 161
1896062 161
1896419 162
1906634 156
1907535 163
1909044 163
1909426 164
1926400 158
1927365 165
1928977 165
1929340 166
1957358 160
1958263 167
1959304 167
1959583 168
1980789 162
1981723 169
1983418 169
1983720 170
1992311 164
1993239 171
1994676 171
1994958 172
2012178 166
2013066 173
2014619 173
2014912 174
2035934 168
2036880 175
2037903 175
2038225 176
2064094 170
2064944 177
2066262 177
2066535 178
2074591 172
2075504 179
2076950 179
2077262 180
2093624 174
2094573 181
2096141 181
2096415 182
2116950 176
2117917 183
2119152 183
2119393 184
2145186 178
2146061 185
2147382 185
2147654 186
2155437 180
2156384 187
2157815 187
2158078 188
2174385 182
2175336 189
2176879 189
2177160 190
2197916 184
2198866 191
2199886 191
2200155 192
2227328 186
2228226 193
2229777 193
2230040 194
2237313 188
2238177 195
2239390 195
2239646 196
2256862 190
2257768 197
2259344 197
2259632 198
2276798 192
2277739 199
2278772 199
2279024 200
2311348 194
2312269 201
2313797 201
2314054 202
2320331 196
2321128 203
2322312 203
2322544 204
2340130 198
2340971 205
2342234 205
2342523 206
2356027 200
2356869 207
2357906 207
2358212 208
2393230 202
2394110 209
2395462 209
2395734 210
2400803 204
2401637 211
2403311 211
2403626 212
2421042 206
2421885 213
2423425 213
2423688 214
2435274 208
2436113 215
2437317 215
2437575 216
2474580 210
2475538 217
2477127 217
2477381 218
2482275 212
2483146 219
2484333 219
2484626 220
2501456 214
2502401 221
2503915 221
2504237 222
2515533 216
2516457 223
2517677 223
2517931 224
2555410 218
2556383 225
2557984 225
2558306 226
2562251 220
2563083 227
2564282 227
2564552 228
2581878 222
2582828 229
2584394 229
2584657 230
2595799 224
2596709 231
2597764 231
2598014 232
2638432 226
2639371 233
2640919 233
2641229 234
2643908 228
2644791 235
2646163 235
2646483 236
2664508 230
2665439 237
2666947 237
2667281 238
2674423 232
2675276 239
2676340 239
2676600 240
2722613 234
2723556 241
2725131 241
2725378 242
2726867 236
2727782 243
2729144 243
2729477 244
2748144 238
2749028 245
2750686 245
2750951 246
2751741 240
2752626 247
2753685 247
2753941 248
2805309 242
2806224 249
2807772 249
2808040 250
2809239 244
2810051 251
2811461 251
2811737 252
2830349 246
2831011 248
2831333 253
2832425 253
2832525 254
2833192 255
2834732 255
2834983 256
2887663 250
2888606 257
2889413 252
2890179 257
2890299 258
2890981 259
2892447 259
2892720 260
2909522 254
2910456 261
2911529 261
2911783 262
2913726 256
2914639 263
2916175 263
2916471 264
2969899 258
2970847 265
2971424 260
2972482 265
2972596 266
2973403 267
2974690 267
2974924 268
2989299 262
2990133 269
2991128 269
2991350 270
2995468 264
2996552 271
2997981 271
2998293 272
3053669 266
3054586 273
3055259 268
3056282 273
3056414 274
3057089 275
3058505 275
3058806 276
3063867 270
3064694 277
3065771 277
3066039 278
3080007 272
3080872 279
3082485 279
3136856 274
3137634 276
3140002 278
