 1874.964303 8093.714455
 1874.981423 4781.505166
 1924.522102 4173.478993
 1874.960940 4211.858441
 1921.447839 3627.723522
 1344.904960 9168.571603
 1345.457533 5449.127756
 1398.757978 4692.984513
 1345.036254 4736.022662
 1393.295474 4154.201774
 1707.079479 9479.757634
 1708.435472 5513.025935
 1802.670111 4710.562306
 1707.315866 4885.456056
 1786.339704 4182.846529
 3494.401553 7897.099787
 3494.470200 4844.954977
 3500.898445 4271.312169
 3494.452419 4056.122564
 3500.038415 3480.656754


